Epoch	AverageEpRet	StdEpRet	MaxEpRet	MinEpRet	EpLen	AverageVVals	StdVVals	MaxVVals	MinVVals	TotalEnvInteracts	LossPi	LossV	DeltaLossPi	DeltaLossV	Entropy	KL	ClipFrac	StopIter	Time
0	9.397425	3.668964	28.211906	4.760132	12.961039	-0.29048017	0.055860765	-0.14064705	-0.45343065	2000	1.9735099e-07	38.358387	-0.020372447	-29.943724	0.9189396	0.01928023	0.225	3.0	8.305741786956787
1	10.461334	3.4485693	23.283957	4.3010283	13.591837	4.17085	1.9409841	6.955478	-1.0395366	4000	-3.0498953e-08	8.337974	-0.033068333	-2.9969091	0.9186682	0.0156126255	0.2175	3.0	15.419495344161987
2	14.742736	8.846374	58.384308	5.184164	17.094017	5.672452	2.6449735	9.537454	-0.90888923	6000	2.3007393e-08	49.147255	-0.030648077	-14.783962	0.9184339	0.02228604	0.3125	4.0	22.89561915397644
3	20.303213	17.913256	142.72768	6.813297	20.536842	9.259034	4.306236	14.967455	-2.9429216	8000	1.2274832e-08	237.94788	-0.02547934	-51.47072	0.9179778	0.016956795	0.1655	3.0	30.08947467803955
4	38.90996	45.37278	240.0007	6.2850256	30.538462	15.750315	6.9438353	23.686632	-6.9576917	10000	-2.2053719e-08	1180.7831	-0.015525141	-268.35565	0.9173483	0.0185447	0.2295	4.0	37.19488739967346
5	77.295425	57.968636	216.19775	8.434735	48.17073	29.922697	9.314887	35.46797	-20.818033	12000	-2.1010637e-08	1380.5161	-0.0119826235	-312.06165	0.9164179	0.018236687	0.2615	6.0	44.73693513870239
6	127.09117	64.56258	239.88988	14.329285	67.93104	41.099716	11.469181	45.60743	-29.33295	14000	-5.9753655e-09	1978.8518	-0.018803485	-537.0609	0.915199	0.0065031354	0.11	79.0	53.02367854118347
7	128.99307	62.183617	236.60002	29.002687	68.27586	55.605774	1.7824153	55.945854	19.561684	16000	1.5199184e-09	1506.9608	-0.02042355	-171.13562	0.9066096	0.010322756	0.1115	79.0	61.27154350280762
8	159.7073	52.495464	224.95381	59.56132	76.88461	59.430298	7.613162	61.875793	-7.1962123	18000	-1.9013882e-08	1553.7913	-0.010192292	-365.6333	0.91076344	0.017875254	0.213	7.0	68.86195921897888
9	160.55528	58.84596	231.22641	52.34831	76.92308	60.90528	17.421337	69.97996	-24.88824	20000	2.1338463e-08	1314.9645	-0.006575692	-260.46143	0.9100052	0.016709017	0.1915	7.0	76.21026968955994
10	170.65904	55.146122	231.51683	66.3774	81.458336	67.53936	18.144827	76.8517	0.98952585	22000	4.8577786e-09	1142.395	-0.0172809	-151.19476	0.90931755	0.012611516	0.1215	79.0	84.3595187664032
11	195.55992	47.285393	236.40953	60.694202	90.045456	69.28308	21.23513	82.26428	-5.8446565	24000	-2.542138e-08	1039.8441	-0.016585052	-254.46204	0.9056212	0.010280147	0.0925	79.0	92.91550087928772
12	195.14784	43.611458	226.2479	76.45077	88.27273	74.84324	23.555845	88.98392	2.387718	26000	-1.4781952e-08	800.1588	-0.0076095844	-175.52887	0.902474	0.015238932	0.2505	7.0	100.40769577026367
13	179.94287	53.850357	236.80754	23.89945	84.86957	80.34745	24.079807	94.40072	-30.521965	28000	-1.4666468e-08	757.56433	-0.006517773	-149.26349	0.90206814	0.015484563	0.225	7.0	107.56978631019592
14	214.76602	16.312035	241.27405	155.79	95.85	79.151054	26.179863	97.44639	3.9738917	30000	2.3722649e-08	494.0954	-0.020364458	-177.72778	0.9020889	0.011496373	0.1035	79.0	115.74382281303406
15	212.13818	18.6944	244.23265	149.05714	94.47619	82.382744	29.358994	102.611725	-1.1428144	32000	4.082918e-09	334.1239	-0.014720512	-90.17534	0.9132488	0.0053506135	0.099	79.0	124.27094054222107
16	210.7207	16.10838	237.69421	150.46948	93.666664	85.36346	30.851347	106.70471	-7.0795174	34000	9.343028e-09	232.28226	-0.018952316	-71.6304	0.90646636	0.007464579	0.0925	79.0	132.59954690933228
17	214.69693	16.557035	241.23776	167.092	95.6	84.41175	32.55452	110.034065	-1.7146571	36000	1.0669232e-08	217.87738	-0.0058449036	-82.83293	0.91010034	0.01827941	0.1785	5.0	139.6625428199768
18	217.74654	9.613828	238.57782	196.58925	96.15	87.61509	33.456985	113.06744	2.763588	38000	3.2693148e-08	123.005066	-0.018233018	-39.689438	0.9101964	0.0071730833	0.115	79.0	148.0716269016266
19	220.69815	12.03809	256.92334	206.20918	98.65	89.43447	34.13445	115.872284	-5.2906127	40000	-2.6538968e-08	101.618256	-0.00842452	-32.12874	0.90398616	0.018135523	0.199	4.0	155.55970430374146
20	225.12253	15.060855	256.82715	194.51347	98.55	88.50374	35.683712	118.25695	-2.230398	42000	3.8415195e-08	184.20967	-0.022531617	-65.033485	0.90386295	0.008283791	0.165	79.0	163.82356667518616
21	234.43483	25.7338	316.4957	186.93431	102.31579	92.32136	35.32336	120.65321	1.5521399	44000	-1.1369586e-08	212.81837	-0.007887497	-47.248978	0.8957096	0.016093256	0.2205	5.0	171.2358090877533
22	270.09332	43.725574	355.43704	206.89508	118.5625	95.8894	33.31202	123.36615	-33.143414	46000	3.0696392e-09	667.7526	-0.007562164	-277.12976	0.8952405	0.022103753	0.2475	4.0	178.6081621646881
23	301.66986	32.77486	359.6665	238.5906	132.53334	93.39659	41.93199	128.11447	-26.508535	48000	-7.933378e-08	709.1632	-0.004676159	-385.64697	0.8948038	0.020237409	0.239	4.0	185.5327708721161
24	320.1167	54.59712	382.19318	195.72968	148.3077	112.98297	33.211994	133.4984	3.574451	50000	-6.943941e-09	817.62665	-0.002444425	-323.91415	0.8946181	0.01879221	0.231	5.0	192.83550667762756
25	361.95236	85.689186	568.41	196.07608	175.09091	110.089554	36.786392	137.50455	2.6023188	52000	-8.478761e-09	617.1676	-0.025132947	-244.72495	0.893941	0.006789877	0.181	79.0	201.42968916893005
26	338.83743	51.244884	432.55524	206.55237	151.07692	116.44384	36.706596	140.97948	2.495503	54000	-1.3403595e-08	653.95013	-0.021391258	-264.59695	0.89201546	0.007822115	0.122	79.0	209.76762580871582
27	305.0532	75.43216	415.3637	134.46794	139.57143	117.45878	39.26827	145.07948	1.1387509	56000	-1.9930303e-08	1180.5061	-0.02149332	-482.13696	0.8993726	0.011298584	0.134	79.0	217.85388898849487
28	350.10162	39.218018	394.90863	224.93417	148.23077	112.1011	39.888527	146.1145	-2.2648473	58000	5.543232e-09	658.3347	-0.022115115	-272.6426	0.8984104	0.008022458	0.146	79.0	226.31412363052368
29	366.1934	34.55724	419.22217	288.92346	151.76923	121.948204	40.43588	150.98158	-0.59610367	60000	-1.8671155e-08	467.28296	-0.02550325	-176.95038	0.8834362	0.011136812	0.125	79.0	234.35153341293335
30	393.92334	67.447365	591.03796	324.73938	159.66667	125.93263	41.380394	156.22379	-1.5997362	62000	-6.2584876e-10	671.6303	-0.026003556	-270.76392	0.87279576	0.01243728	0.1255	79.0	242.73431205749512
31	397.74973	27.54062	459.15704	344.92468	150.3077	130.22897	45.93803	162.83421	2.5742254	64000	4.0322544e-08	466.3369	-0.025415732	-192.10962	0.8677927	0.012398476	0.148	79.0	251.09873723983765
32	401.82864	96.24269	658.8426	178.94421	151.61539	139.82759	46.199123	169.28186	-0.5458679	66000	1.9744038e-09	1001.30554	-0.008279038	-140.867	0.87282634	0.018368794	0.207	4.0	258.29468154907227
33	371.35507	82.78914	434.14194	177.69403	141.92857	146.53503	45.9353	174.30214	-5.7405195	68000	7.0314856e-09	1593.0464	-0.0038544475	-373.0398	0.87310785	0.017460955	0.176	5.0	265.5716059207916
34	458.56033	82.27234	671.8038	383.95944	171.63637	138.7825	44.98376	174.50345	3.6151872	70000	-9.864569e-09	917.4364	-0.013510539	-487.20715	0.87339145	0.015508265	0.1555	13.0	272.86761379241943
35	412.8999	23.286018	475.21136	386.85934	150.61539	146.53023	51.977936	181.27739	0.93441033	72000	6.8694352e-09	195.91121	-0.005587341	-68.25557	0.87202805	0.016789842	0.1365	4.0	280.01813101768494
36	413.29883	63.725136	485.53784	209.29973	152.76923	148.83066	51.5179	185.19707	-4.732001	74000	-8.370727e-09	570.07086	-0.011263572	-74.519714	0.87141514	0.020184984	0.23	3.0	287.14352893829346
37	410.73666	86.979256	600.6584	217.5076	148.3077	151.34727	48.587036	187.15709	2.5286396	76000	4.068017e-09	1471.8201	-0.0019368307	-528.2577	0.87118936	0.016198846	0.2365	4.0	294.14641547203064
38	409.32718	116.237434	628.86053	111.507126	149.92308	155.30035	47.562836	187.44266	-3.6549046	78000	5.9660525e-09	2164.7175	-0.008247034	-881.33484	0.87093264	0.015767777	0.1515	5.0	301.474671125412
39	354.761	103.0522	447.15955	119.38236	130.21428	152.01189	49.413784	188.48538	-8.420636	80000	4.2021275e-09	1650.355	-0.015858307	-772.69916	0.8706345	0.015171348	0.163	19.0	308.85564255714417
40	648.6467	202.81252	969.53076	373.1273	216.22223	148.9039	46.88526	189.69485	-0.2135694	82000	-2.6077032e-08	5556.5874	-0.009516705	-3891.97	0.8693558	0.015091409	0.116	9.0	316.0667300224304
41	484.1675	149.3365	754.197	216.73842	164.83333	173.619	55.2223	204.39198	-0.3625772	84000	1.9138678e-08	1542.1976	-0.008069417	-383.30847	0.86759645	0.019588634	0.1845	5.0	323.2542259693146
42	554.5311	144.46568	877.1575	404.01898	190.6	179.9285	51.948097	208.34712	-4.274945	86000	-2.2947788e-09	1630.6874	-0.0050897663	-155.65283	0.8670266	0.02173126	0.1735	3.0	330.0668783187866
43	600.42126	236.45177	991.3519	258.0459	216.77777	191.03082	45.02568	210.96419	5.567293	88000	2.3823232e-09	4596.5767	-0.0050712884	-1711.8184	0.8669293	0.01607921	0.2475	4.0	337.37498354911804
44	564.945	505.9745	1900.7131	151.30817	217.55556	188.76405	37.58588	211.49524	9.756662	90000	5.885959e-10	5664.49	-0.008455881	-1339.8647	0.86700255	0.018044595	0.2065	3.0	344.60386872291565
45	563.09283	304.7643	1101.013	183.73578	202.44444	175.60167	47.002777	210.86974	-4.0709553	92000	1.630932e-08	3968.3665	-0.02587395	-1391.0691	0.8672715	0.014106818	0.155	79.0	352.53557777404785
46	614.2562	211.47466	992.31714	269.85016	223.375	179.40228	53.73074	216.95471	-3.4482868	94000	-1.9595028e-08	3388.2854	-0.015288543	-777.97437	0.86621696	0.015464679	0.0995	14.0	359.9666419029236
47	590.0066	374.57166	1248.3186	102.68105	197.5	187.73877	49.764927	218.79224	6.7121015	96000	3.3378602e-09	3621.2378	-0.014818004	-1164.8079	0.8666344	0.01519452	0.165	15.0	367.41327571868896
48	656.7708	176.88496	970.2088	398.6922	211.66667	183.38733	56.864277	227.08179	5.992812	98000	1.7777085e-08	1504.6443	-0.02756201	-827.70953	0.8620216	0.008108352	0.159	79.0	375.69550824165344
49	773.69006	285.8934	1288.2135	323.99402	246.5	207.2297	55.16993	233.4349	12.736608	100000	3.385544e-08	2853.9478	-0.025950687	-886.93555	0.8419504	0.011118168	0.129	79.0	383.99852442741394
50	542.86206	152.82915	819.6689	401.71655	178.54546	194.43079	66.29703	241.10681	-0.6353817	102000	-1.07511875e-08	961.98584	-0.0271052	-430.95557	0.8379325	0.0057293093	0.154	79.0	392.1013879776001
51	684.4331	311.23416	1209.0472	188.08308	227.875	204.04114	58.220524	241.8434	16.416714	104000	9.6447765e-09	2155.0332	-0.006661282	-863.90247	0.8370598	0.017030312	0.2045	6.0	399.263720035553
52	678.51855	253.15508	1030.5054	283.715	221.375	216.58371	53.759052	245.36282	3.437892	106000	-1.3373792e-08	3601.7583	-0.023004549	-1938.7914	0.8370339	0.013113493	0.1515	79.0	407.873881816864
53	648.8983	225.1594	1013.72	280.52798	239.375	204.27704	64.27075	249.3318	11.366665	108000	-6.2584875e-09	4545.545	-0.011619242	-2040.2742	0.8381229	0.015147552	0.166	15.0	415.18510007858276
54	793.49695	232.15404	1136.8625	469.5644	270.42856	191.20642	54.37787	247.90898	6.3839703	110000	1.7190352e-08	2460.0999	-0.007189888	-1123.7134	0.8405704	0.016295863	0.226	4.0	422.2307593822479
55	598.4502	283.04105	1221.4697	246.99146	198.7	200.64084	61.49202	249.98419	1.7814114	112000	2.1692365e-08	1321.3914	-0.024848836	-550.1304	0.8415155	0.0045336215	0.157	79.0	430.45239639282227
56	488.01746	172.9412	929.2125	338.4734	164.0	176.6474	72.74387	251.99371	12.255251	114000	-8.117407e-09	1073.3947	-0.006902338	-494.19537	0.83881754	0.020354275	0.21	4.0	437.88618898391724
57	667.6198	230.89795	971.8135	280.1072	235.25	212.19742	50.991848	252.24963	11.121385	116000	4.1387973e-09	3986.7407	-0.020503903	-1468.0227	0.8384294	0.010629228	0.1375	79.0	445.9309413433075
58	626.3799	271.18756	1230.3759	386.52444	201.44444	188.93988	60.050243	251.74448	0.10843229	118000	-2.117455e-08	1480.8771	-0.025851425	-909.0756	0.8388256	0.013068491	0.156	79.0	453.998441696167
59	951.7165	157.45184	1137.2305	673.0579	305.4	230.7829	53.595547	256.09033	-4.942738	120000	2.1308662e-09	698.6947	-0.026657635	-273.84097	0.82817936	0.011199835	0.138	79.0	462.2236111164093
60	785.60846	353.67395	1345.0593	424.84506	250.14285	216.18004	62.20909	261.28473	8.2961	122000	-1.5303492e-08	846.3067	-0.0053264857	-281.24854	0.81938493	0.016241914	0.2465	4.0	469.2275366783142
61	839.80426	462.89682	1638.1725	286.94955	328.33334	240.12318	52.154186	266.63483	-4.974765	124000	-1.0371208e-08	5347.5957	-0.027048156	-3023.7424	0.81898636	0.010604016	0.1525	79.0	477.36755323410034
62	684.36224	258.04623	1216.5084	280.16312	231.25	205.51378	52.648724	262.53268	8.198326	126000	2.8759242e-09	3358.3145	-0.0070046266	-923.60547	0.8027107	0.018115938	0.253	4.0	484.6835587024689
63	885.69763	204.50146	1262.6615	626.1412	279.42856	200.12788	56.80875	255.00197	12.272849	128000	3.403425e-08	2057.4407	-0.021430222	-1785.7032	0.8023583	0.015129194	0.134	38.0	492.0995490550995
64	756.5198	320.33078	1336.1434	412.96307	237.0	224.12962	67.890945	268.8313	10.322258	130000	2.4437905e-09	777.2709	-0.026668102	-170.1969	0.7932745	0.011735106	0.147	79.0	500.4147400856018
65	915.23505	492.52518	1686.484	287.64227	308.33334	237.01013	60.60147	271.74158	11.223486	132000	3.799796e-10	2239.5996	-0.007389646	-1070.6337	0.79334784	0.016561924	0.243	6.0	507.719535112381
66	1032.596	308.54105	1493.937	658.3525	329.16666	229.64412	61.07899	271.1712	9.347641	134000	3.4794212e-08	502.6551	-0.027049413	-288.47284	0.7926012	0.010143764	0.1545	79.0	515.5503041744232
67	875.1792	259.49423	1409.9508	559.09186	279.0	232.89832	66.50195	274.4582	9.4844265	136000	-1.4249236e-08	476.02826	-0.0056732367	-146.68973	0.7894804	0.01871861	0.2685	4.0	522.9587178230286
68	1232.1853	679.9241	2387.9458	638.30566	454.25	248.21657	51.393566	275.06	3.8115473	138000	-8.478761e-09	674.36743	-0.006822128	-306.09406	0.78919274	0.016849734	0.14	5.0	530.1671922206879
69	785.79785	187.58575	1087.8927	525.1305	249.71428	230.02644	63.938057	273.407	2.9853415	140000	5.699694e-10	733.1293	-0.026281266	-247.32483	0.78839445	0.011792654	0.1575	79.0	538.1674904823303
70	820.57776	165.23709	1142.0428	654.3023	250.57143	225.51114	64.54968	274.84775	6.1403084	142000	3.9339065e-09	387.01086	-0.02225331	-200.07431	0.7819537	0.013493612	0.1475	79.0	546.5906074047089
71	921.4925	146.2199	1143.1694	679.1136	283.16666	240.826	62.973473	278.49585	10.398382	144000	-4.3548645e-09	243.34283	-0.027741374	-66.24051	0.7710387	0.0057054367	0.1635	79.0	554.8515152931213
72	856.4336	167.88924	1174.7386	666.2069	259.33334	239.25996	64.54565	281.09576	8.226711	146000	-3.695488e-09	300.17398	-0.0069274725	-79.70929	0.7592845	0.015204377	0.1725	4.0	561.9001469612122
73	685.5002	131.18257	939.0583	486.86832	213.33333	224.60088	71.580986	284.34482	6.029083	148000	-7.3313715e-09	304.01688	-0.029968169	-142.51256	0.75901407	0.007244635	0.1595	79.0	570.2878153324127
74	765.2747	341.47763	1444.2694	156.78867	243.875	224.6414	68.17592	283.96594	7.370489	150000	-7.2754918e-09	1487.5615	-0.008848076	-504.19116	0.7633507	0.016282981	0.246	6.0	578.0851058959961
75	739.8851	186.1675	1047.0482	521.3089	230.125	228.3865	67.35433	284.38068	-1.0842845	152000	1.37314204e-08	389.78702	-0.006469658	-195.29105	0.7642998	0.016352242	0.203	3.0	585.2265453338623
76	782.2377	114.27469	995.2213	593.03296	239.875	225.2423	70.55935	284.63535	-17.25325	154000	1.001358e-08	526.1946	-0.006280233	-239.47638	0.7646639	0.015474959	0.225	7.0	592.4348051548004
77	692.9822	229.08403	1025.9266	196.44287	218.0	228.57791	72.95044	284.62057	4.8251915	156000	1.8447638e-08	1580.7642	-0.022593377	-602.50806	0.7654917	0.01012094	0.189	79.0	600.5356409549713
78	806.9331	171.85042	1180.23	639.8843	247.375	219.95955	69.17594	282.2541	10.699358	158000	-1.9967556e-08	482.0092	-0.026705138	-293.15375	0.77453744	0.009153822	0.152	79.0	608.7066967487335
79	825.9704	350.3256	1249.3878	168.86917	267.0	243.12744	63.840378	284.93997	2.5911455	160000	-4.6789648e-09	1355.0098	-0.020813186	-514.0188	0.7563361	0.006581413	0.174	79.0	616.9076025485992
80	721.0892	144.73518	958.6824	493.55212	222.0	207.56728	69.72261	284.6446	-13.407249	162000	1.5169382e-08	910.119	-0.011955341	-726.30066	0.75645256	0.015485853	0.171	26.0	625.1195528507233
81	716.8802	190.3742	998.32654	301.12296	225.5	238.67169	64.05635	285.71442	-8.170637	164000	2.9601157e-08	2121.8928	-0.008518567	-927.0752	0.75314623	0.017625919	0.226	3.0	632.3916935920715
82	872.7731	152.09315	1149.4657	705.1299	267.2857	228.04291	65.836075	283.70135	-1.2478919	166000	1.9684434e-08	826.6651	-0.013112076	-473.67072	0.75273216	0.01551851	0.228	11.0	639.4754433631897
83	710.4556	276.54517	1029.4243	165.78252	223.5	238.34097	68.590164	285.82968	5.957225	168000	-1.8924474e-08	1763.0684	-0.003297182	-402.50916	0.75246996	0.016289752	0.207	3.0	646.6555080413818
84	936.3277	309.35834	1554.1412	577.62805	286.66666	228.04904	67.35547	284.4069	-1.6875	170000	1.3038516e-09	981.6686	-0.0024058013	-626.5033	0.7524484	0.018017292	0.2095	4.0	653.7800757884979
85	905.9095	230.03452	1245.1208	663.012	281.57144	239.97444	66.72348	287.29187	4.7047853	172000	-1.0825693e-08	784.87555	-0.023925822	-193.58313	0.7527094	0.006993942	0.136	79.0	662.1747550964355
86	1037.108	268.7009	1562.0823	652.8048	318.83334	244.63841	66.04953	288.79166	7.128791	174000	-3.1288714e-08	655.5004	-0.014967282	-311.31924	0.74650925	0.015793271	0.149	19.0	669.4315316677094
87	695.71704	317.98297	1001.7008	145.90115	221.55556	240.2694	71.55645	293.30725	7.2958474	176000	1.1473894e-09	3672.474	-0.0046229567	-1104.9346	0.74599826	0.02164602	0.2215	3.0	676.5626308917999
88	881.95276	180.26418	1297.2893	706.0152	276.14285	226.42813	65.74193	289.21918	-2.236496	178000	-9.1195105e-09	938.08325	-0.014001235	-640.42847	0.7456997	0.016215721	0.152	19.0	683.9471144676208
89	1082.9995	231.76434	1319.2477	734.0492	335.6	244.10497	60.855003	289.9887	8.670351	180000	1.2129545e-08	675.8457	-0.026298407	-397.5373	0.74705696	0.015001037	0.176	50.0	691.6426291465759
90	1049.8623	296.84012	1422.5591	633.17114	327.16666	249.29282	69.52625	295.78638	11.760239	182000	-8.739531e-09	401.76447	-0.03149647	-106.23227	0.73177075	0.0058385213	0.1775	79.0	699.9468746185303
91	1169.6895	229.1323	1577.8578	897.681	359.2	257.62848	67.37779	297.7794	7.0141444	184000	1.79708e-08	322.59216	-0.011094247	-131.2818	0.70860344	0.015362581	0.1545	13.0	707.2024595737457
92	932.8091	269.7572	1233.5714	426.79135	285.8	244.64072	70.701744	301.50842	10.152386	186000	-2.259016e-08	708.32574	-0.0284517	-357.85248	0.70856154	0.011988692	0.173	79.0	715.3473942279816
93	1488.6656	264.64484	1906.5442	1242.6929	469.0	261.25604	62.025536	301.44867	4.961677	188000	-1.5877188e-08	459.94632	-0.010901057	-257.96765	0.7021923	0.015452282	0.1565	11.0	722.7814674377441
94	1087.8766	352.4398	1511.0659	553.7089	330.5	246.23605	72.97525	303.30896	7.189864	190000	9.3802806e-09	525.41046	-0.026699502	-267.5273	0.70107424	0.007936261	0.163	79.0	730.7832968235016
95	966.95044	302.91733	1458.7164	603.2684	299.16666	255.05421	72.371925	306.9669	6.0265594	192000	-2.0347535e-08	453.6372	-0.005352338	-193.8678	0.70086265	0.019088622	0.206	3.0	737.8737757205963
96	1728.7328	468.01804	2361.894	1245.145	544.3333	275.19354	54.199635	306.98605	4.473325	194000	-3.322959e-09	460.99387	-0.027407749	-205.4088	0.7007598	0.010596741	0.152	79.0	746.2434504032135
97	1106.5046	325.2567	1490.1626	662.85364	347.0	257.27194	71.92289	306.99686	-1.3147221	196000	-8.473172e-09	291.9481	-0.018818539	-166.50745	0.6941167	0.015312864	0.1695	20.0	753.313882112503
98	1170.1096	259.12204	1535.75	848.5438	358.0	257.99908	67.03546	308.09338	12.509767	198000	3.606081e-09	351.68875	-0.023650816	-190.28587	0.69473606	0.015003572	0.168	55.0	761.3576552867889
99	921.92377	302.996	1567.8939	674.89105	283.57144	247.07428	75.25012	308.1456	2.1067948	200000	1.8410384e-08	709.2523	-0.023310173	-380.70123	0.6942283	0.0068175774	0.135	79.0	769.6781196594238
100	1003.3073	299.75125	1488.8046	597.8348	305.83334	247.96906	72.28264	308.4696	0.6492214	202000	-7.554889e-09	320.16748	-0.0057096197	-132.15933	0.6893105	0.019630974	0.206	4.0	776.4434916973114
101	1197.9182	423.31412	1940.1841	667.82434	369.6	252.7839	68.446045	309.28964	0.96688604	204000	1.7404556e-08	376.5173	-0.025422676	-205.051	0.68888414	0.007150549	0.1775	79.0	784.7266764640808
102	1044.9559	244.2243	1441.7515	740.54834	315.66666	251.69324	70.02963	311.32013	12.515495	206000	9.015203e-09	293.90897	-0.012168792	-132.96887	0.67456764	0.015792673	0.1735	9.0	791.7832646369934
103	1562.5941	403.91296	2072.7231	1084.943	516.0	278.77808	53.33583	313.11038	16.618313	208000	1.0162592e-08	540.9173	-0.02762038	-315.57254	0.67407477	0.007614464	0.124	79.0	800.1248075962067
104	1262.6249	334.86316	1769.8566	959.54755	402.0	258.5426	61.6939	309.6487	4.2590346	210000	9.786338e-09	394.67938	-0.026922014	-204.80943	0.6595153	0.009933305	0.1525	79.0	808.4998092651367
105	1238.4205	251.63824	1582.3176	903.1313	378.2	254.537	69.47581	309.17313	-2.191812	212000	-8.717179e-09	481.58804	-0.004069045	-281.29575	0.66051817	0.015145723	0.1335	4.0	815.2152435779572
106	1770.2352	762.2619	2801.9265	983.6968	578.6667	274.75296	54.608036	312.71017	2.1653814	214000	2.1606683e-10	491.1229	-0.03008842	-250.73181	0.6603327	0.008747576	0.166	79.0	823.56751537323
107	1475.5499	735.6939	2695.6287	738.2696	473.0	265.53394	61.89609	312.02084	8.746744	216000	-1.7866492e-08	299.685	-0.027319541	-185.0192	0.6672428	0.013470204	0.152	79.0	831.9195458889008
108	1518.7972	980.93005	2897.3523	695.262	511.66666	271.90018	51.27727	310.1151	5.5072737	218000	1.3887882e-08	644.53186	-0.027720895	-191.25494	0.66299564	0.010193966	0.1675	79.0	839.8587374687195
109	936.37726	233.39165	1427.042	689.10803	282.2857	233.82556	75.35317	306.82678	0.21105433	220000	-3.762543e-09	698.8047	-0.027937867	-394.97333	0.6552236	0.012550352	0.1755	79.0	848.1937747001648
110	946.4716	171.45253	1239.4235	817.2051	294.25	266.3555	61.079918	310.05023	9.029215	222000	1.1119992e-09	521.59564	-0.02676275	-123.3884	0.6639301	0.009238611	0.16	79.0	856.3794682025909
111	1717.2695	577.3728	2413.7937	999.9822	531.3333	269.18875	55.29174	310.35468	7.076397	224000	3.6600978e-09	541.56586	-0.013215836	-323.8062	0.65002745	0.016356891	0.234	10.0	863.3594768047333
112	1146.9602	324.63477	1555.0388	851.89496	343.6	253.37357	76.4316	313.03693	-1.3580041	226000	-2.2947788e-09	288.9352	-0.010522644	-154.58014	0.6507503	0.015266474	0.145	13.0	870.845862865448
113	951.70685	198.03749	1212.5126	657.21246	282.0	254.17882	76.60522	317.01666	9.427082	228000	1.257658e-08	281.28992	-0.025399767	-189.7817	0.6499467	0.015297583	0.156	66.0	878.6612029075623
114	1122.1466	248.35124	1490.9061	835.49774	350.0	268.32898	68.02635	315.93277	4.2409215	230000	2.6114286e-08	777.0009	-0.027763888	-493.58002	0.65042186	0.00782177	0.1845	79.0	886.7856233119965
115	1224.1079	159.30147	1485.5361	1046.651	370.4	249.15259	67.072945	310.9316	4.297049	232000	2.667308e-09	760.88776	-0.014732002	-628.5632	0.66279477	0.015676763	0.2085	13.0	894.1359302997589
116	924.4277	266.6886	1443.6067	641.32684	274.5	256.5131	75.72437	315.2313	4.998456	234000	5.1259996e-09	414.02942	-0.028684793	-156.82742	0.66272193	0.011655835	0.163	79.0	902.259788274765
117	871.0884	447.93845	1901.2566	463.18024	269.0	255.70822	73.444214	317.2032	14.314272	236000	-9.998679e-09	632.25397	-0.014084774	-373.9748	0.66249055	0.015429618	0.188	14.0	909.4861900806427
118	1158.7549	200.94565	1492.0751	891.8498	354.6	261.21838	71.13356	312.74484	6.8613186	238000	2.7108937e-08	201.70067	-0.0061524375	-120.51769	0.66140157	0.016150214	0.175	3.0	916.5472958087921
119	1483.2517	655.8353	2472.0662	813.2351	451.0	263.5177	64.04407	314.0431	2.613275	240000	-1.9339845e-08	506.83258	-0.011137744	-331.33786	0.6611746	0.01830753	0.1795	12.0	923.6472535133362
120	1700.5717	688.1969	2519.194	835.3926	528.6667	280.76193	57.555824	316.60083	11.156985	242000	-6.493181e-09	413.19812	-0.009568032	-108.64917	0.65832216	0.016215697	0.1415	10.0	931.0474097728729
121	1138.926	291.949	1486.8698	691.41486	352.25	273.0507	61.29092	317.53513	9.688688	244000	-4.854053e-09	461.43097	-0.028377753	-178.018	0.65567017	0.007831945	0.182	79.0	939.274961233139
122	1111.7812	252.51616	1389.0428	686.64294	336.8	256.6956	70.17036	317.28107	11.971098	246000	-4.3660404e-09	469.93207	-0.02886126	-243.78496	0.6444518	0.015017683	0.2085	51.0	947.307511806488
123	1230.473	438.7829	1840.6086	685.6064	377.75	275.11383	67.448395	316.71402	14.8765335	248000	3.5438685e-08	246.41956	-0.03332105	-96.09245	0.6201416	0.012058888	0.186	79.0	955.3581969738007
124	1448.7606	632.1364	2445.1917	889.37634	437.0	269.75375	64.59197	315.2095	1.3341184	250000	-1.7225743e-08	252.97021	-0.030325716	-118.28195	0.614656	0.015011091	0.2035	72.0	963.443674325943
125	2398.7634	285.80835	2684.5718	2112.955	752.5	292.48325	48.58431	317.3095	13.119274	252000	-1.8000602e-08	200.60991	-0.010479163	-42.360565	0.6082135	0.018364357	0.2135	9.0	970.6152350902557
126	1237.3152	751.61725	2327.2202	121.25513	371.6	269.212	69.68176	319.66702	1.0364223	254000	6.3031913e-09	2068.3816	-0.004259759	-923.775	0.60699904	0.015225728	0.117	3.0	977.8306210041046
127	837.81177	230.35852	1315.4717	619.92126	252.83333	262.06546	75.0903	323.57675	-20.191982	256000	-1.1384487e-08	614.88403	-0.0053352914	-460.41772	0.60645807	0.01609048	0.2185	3.0	984.963588476181
128	964.0904	261.76562	1528.1173	743.20544	286.16666	252.1677	74.91054	321.80902	10.561169	258000	-1.1861324e-08	228.19136	-0.02869682	-146.70644	0.6057999	0.0122532565	0.185	79.0	992.9544706344604
129	1060.0094	490.4781	2071.0535	677.39594	316.0	258.4377	75.89847	321.6217	2.8318706	260000	-2.5480986e-08	235.61227	-0.005651112	-115.79786	0.6013438	0.016249765	0.172	4.0	1000.2635836601257
130	1632.8893	397.69464	2286.8267	1219.8021	493.75	281.99063	69.84414	326.54538	6.9138656	262000	-1.7503277e-08	133.06918	-0.0042854697	-62.534782	0.6007709	0.017975295	0.2775	3.0	1007.4198529720306
131	1127.4788	390.69412	1856.675	775.1284	340.2	274.7095	71.10198	325.30402	-6.3844824	264000	-1.1488796e-08	745.2398	-0.027811147	-506.30887	0.6003575	0.007193617	0.1835	79.0	1015.4986798763275
132	1589.9631	402.64984	2065.3652	963.2186	485.75	279.48047	69.65391	325.06857	-4.309309	266000	1.3045967e-08	252.93915	-0.025335595	-107.9077	0.6049609	0.008460877	0.151	79.0	1023.6532545089722
133	1440.4481	485.01007	2238.119	984.07324	438.75	274.90085	66.24082	322.99884	5.616807	268000	-2.208352e-08	213.29982	-0.015370228	-81.307434	0.6052326	0.015438945	0.2105	12.0	1030.6313140392303
134	1338.075	238.1493	1612.3783	942.70624	396.8	263.97525	72.03017	323.93292	6.732439	270000	-4.6268105e-09	349.37457	-0.027486417	-235.30676	0.603986	0.015027838	0.1365	61.0	1038.64267039299
135	1306.7181	410.06177	2006.9532	850.3259	397.8	277.77853	74.30194	326.9332	15.013224	272000	3.7871303e-08	409.36563	-0.030409444	-301.23547	0.59737587	0.0084493635	0.1865	79.0	1046.7917728424072
136	1959.5674	702.6735	2467.7258	965.9231	597.3333	284.6788	53.95973	322.3226	-1.0210605	274000	3.6135317e-09	885.99054	-0.029594155	-410.23056	0.57822067	0.014065099	0.2425	79.0	1055.0717933177948
137	1154.6056	204.17937	1437.2128	942.76697	349.0	270.06293	75.460846	326.66824	2.9333315	276000	2.3424626e-08	379.07224	-0.024726082	-282.8035	0.5575443	0.009457706	0.174	79.0	1063.2148196697235
138	1974.796	285.738	2378.7366	1763.1674	584.6667	278.39923	58.868347	320.84106	5.019187	278000	-2.0921231e-08	384.4524	-0.009940713	-288.91983	0.54251784	0.017851742	0.2525	10.0	1070.3937675952911
139	1011.364	287.16888	1541.1469	696.24066	297.83334	269.26263	74.83103	329.66855	8.671059	280000	-1.1414289e-08	350.00497	-0.027314844	-246.33554	0.53995323	0.01159051	0.142	79.0	1078.5397987365723
140	885.46545	220.46535	1343.9333	692.2851	264.7143	253.56131	81.38042	331.72833	5.6734986	282000	-2.5302171e-08	200.0848	-0.010152418	-95.74442	0.5533713	0.01808144	0.1375	9.0	1085.9915680885315
141	1596.0555	657.2173	2362.5771	798.2603	472.25	278.36346	64.192955	329.68207	13.066427	284000	1.34631994e-08	537.63165	-0.021404296	-284.9834	0.55368924	0.0151236765	0.165	44.0	1093.3706920146942
142	1286.6465	271.18445	1748.9377	1057.4967	381.25	288.4055	72.53282	333.17892	3.2391238	286000	2.1725892e-08	399.6579	-0.027207326	-309.9665	0.5497968	0.015057137	0.158	64.0	1101.4136095046997
143	1354.2808	514.6037	1952.6241	802.6863	404.5	273.36304	61.87555	326.87973	16.826338	288000	1.3560056e-09	392.6204	-0.025471313	-223.58844	0.53668934	0.015051764	0.1725	53.0	1109.2617118358612
144	2052.115	671.3568	2888.4534	1244.7369	615.3333	289.26184	67.1092	332.01233	-3.1423197	290000	1.1473894e-09	140.9225	-0.004571666	-94.18075	0.52119964	0.017311364	0.189	3.0	1116.3786556720734
145	2009.1904	374.08136	2533.223	1684.343	628.3333	297.64914	54.9522	332.1773	15.09436	292000	-6.020069e-08	474.70007	-0.03201638	-389.0414	0.5206566	0.013987115	0.185	79.0	1124.6820788383484
146	1517.4745	1053.4545	3075.23	116.95812	483.25	282.3399	58.38949	327.77545	-7.6883345	294000	-1.0773539e-08	1643.9999	-0.015572396	-822.07855	0.52928746	0.015126261	0.1695	20.0	1131.6317267417908
147	1240.017	320.1127	1571.5082	672.3765	366.6	258.24585	76.94029	329.71323	-4.0762053	296000	2.05338e-08	808.65216	-0.012623359	-676.56537	0.5266818	0.01600909	0.143	14.0	1139.0755553245544
148	1120.5815	203.78679	1406.6226	827.7272	325.0	267.92224	72.658195	330.6055	2.7635055	298000	2.0682812e-08	156.02501	-0.0064214766	-98.11098	0.5246793	0.017932829	0.172	7.0	1146.1732461452484
149	1087.551	127.79772	1257.6493	942.58405	318.6	278.74323	73.523285	331.98264	8.037596	300000	6.9588424e-09	244.27596	-0.025264116	-74.26372	0.52347064	0.010382084	0.1495	79.0	1154.4259345531464
150	1485.0402	498.07648	2029.6346	894.92346	437.75	286.458	68.73838	332.67215	-4.337139	302000	1.9073486e-08	180.35985	-0.020009924	-120.78248	0.5241481	0.015037203	0.1675	31.0	1162.2597703933716
151	1597.9675	948.87427	3159.0354	777.2002	491.25	295.70886	62.370846	334.52884	11.874754	304000	-2.2217632e-08	192.45842	-0.011400791	-97.20685	0.52249885	0.017896587	0.1955	8.0	1169.16663479805
152	1443.4617	349.67737	1884.5618	906.4446	432.25	277.23367	72.810356	333.01245	-4.9700475	306000	3.3080578e-09	223.1981	-0.0043902816	-161.57172	0.52186745	0.01882403	0.2465	4.0	1176.5195217132568
153	1858.357	979.48114	3180.5098	839.4968	589.3333	291.4548	48.328564	332.34647	11.79557	308000	-1.1648983e-08	595.27484	-0.0035302565	-356.49973	0.5212381	0.016342832	0.216	4.0	1183.3971202373505
154	1537.7585	637.004	2392.8079	858.5265	464.5	278.37866	72.560486	331.2594	-5.3190494	310000	2.3558735e-08	425.54398	-0.026807228	-244.19801	0.5203996	0.012502346	0.182	79.0	1191.5396842956543
155	1277.1246	260.2149	1699.8379	971.06616	381.8	276.0472	70.13906	333.3065	-5.859717	312000	2.5212765e-08	180.07635	-0.00530573	-87.66667	0.51879275	0.027693918	0.3325	3.0	1198.9838712215424
156	1249.2239	448.77908	1838.5984	700.3685	377.0	276.8972	70.4038	330.37396	-5.3900013	314000	-1.5609606e-08	137.90054	-0.009084071	-90.99864	0.51858145	0.016620222	0.157	9.0	1205.9394669532776
157	1521.6615	464.75327	2260.1235	1038.1909	452.0	277.14053	65.19385	328.0705	11.040508	316000	1.2442469e-08	200.4302	-0.029681938	-147.23602	0.5184731	0.012175832	0.169	79.0	1214.235505104065
158	1435.7806	308.5349	1735.6813	920.55066	424.75	284.25638	66.281075	332.64822	6.93831	318000	-1.8747524e-09	68.035355	-0.01555988	-25.53606	0.49808532	0.016032455	0.1325	11.0	1221.1170196533203
159	1561.4802	559.40485	2168.9348	833.4656	463.25	282.0259	66.74525	331.4839	4.4809575	320000	9.536743e-09	111.61055	-0.020109672	-47.971516	0.4970545	0.015360022	0.133	34.0	1228.7820444107056
160	1570.1943	639.3876	2609.3018	869.1006	472.0	281.05905	66.37487	331.3082	6.870365	322000	4.783273e-09	151.15784	-0.0045962767	-69.892815	0.49792343	0.015236523	0.1875	3.0	1236.1149740219116
161	828.1736	141.0669	1121.6431	665.87726	247.25	252.6419	80.50342	327.6645	13.124516	324000	-4.172325e-09	616.3591	-0.030245066	-436.31262	0.49805242	0.010758452	0.1745	79.0	1243.9897179603577
162	1011.2829	442.60046	1718.9137	658.61066	303.66666	252.63461	74.90457	329.9625	6.397897	326000	7.659197e-09	255.61852	-0.029539391	-131.83128	0.50080043	0.011767963	0.1845	79.0	1252.2558040618896
163	1158.319	577.21124	2275.282	722.17004	351.6	266.0842	73.38726	333.53134	10.766694	328000	-1.6018749e-08	439.08133	-0.003098624	-208.7845	0.48903328	0.018193465	0.1945	3.0	1259.0475714206696
164	2082.9128	554.26227	2637.175	1528.6505	638.5	295.53912	50.126324	330.04593	19.185057	330000	2.4728477e-08	161.59943	-0.02598485	-89.53599	0.48894453	0.015149701	0.1705	70.0	1267.3474686145782
165	1476.1887	988.2195	3157.9243	644.32886	460.25	282.6783	62.757225	330.97345	4.795748	332000	3.695488e-09	195.17729	-0.031700667	-63.97049	0.4816242	0.008445422	0.196	79.0	1275.6555705070496
166	2139.2124	1133.1442	3272.3564	1006.0682	646.0	295.296	49.397095	329.55695	11.333485	334000	9.3728305e-09	180.12102	-0.010017244	-127.35609	0.4665223	0.017647473	0.1595	6.0	1282.5474262237549
167	1539.1711	605.78986	2469.514	994.2898	455.25	278.17944	69.95676	333.77957	5.3510256	336000	-1.29342075e-08	220.44711	-0.027938982	-129.24936	0.4659795	0.0133168185	0.2045	79.0	1290.9274871349335
168	1552.9241	429.41632	2055.02	1012.02277	458.25	284.55933	68.34906	336.54047	20.106113	338000	-1.507625e-08	152.5118	-0.01487056	-98.37882	0.46249914	0.015004482	0.202	12.0	1297.9954011440277
169	1294.8005	516.2468	2138.0322	711.6854	387.8	280.59256	75.718445	336.03873	4.7494216	340000	-3.696978e-08	270.5063	-0.017565586	-207.61783	0.45878765	0.01585792	0.18	20.0	1305.2954270839691
170	1100.4829	296.6622	1503.8912	698.2447	326.33334	258.39236	76.76195	329.0303	12.167877	342000	3.2514333e-08	126.37674	-0.011793066	-59.0615	0.45620358	0.017799418	0.1845	8.0	1312.6755781173706
171	1313.0793	329.43887	1751.6156	954.783	387.75	276.56738	69.040764	333.50952	10.278698	344000	-2.4855137e-08	80.23249	-0.026313463	-43.01726	0.45737687	0.015308568	0.1725	50.0	1320.1747612953186
172	1292.3851	436.82272	1988.7335	695.8635	382.0	274.20523	71.83013	334.9486	9.970255	346000	1.7315148e-08	165.19568	-0.0054205526	-62.91974	0.44801286	0.017319024	0.217	3.0	1327.366708278656
173	1997.0612	759.3208	3000.9316	1164.9211	594.3333	296.65897	63.63912	336.08618	6.3663774	348000	9.469688e-09	82.637665	-0.026573822	-23.783096	0.44728425	0.0108588375	0.16	79.0	1335.4782514572144
174	2068.3694	1083.0914	3151.461	985.27795	648.5	316.05264	39.178474	336.2948	20.218695	350000	-1.9669533e-09	75.695244	-0.0070442283	-51.463547	0.44659477	0.017848536	0.1785	3.0	1342.5994913578033
175	1879.7316	962.5518	3213.3308	976.51337	574.0	297.28888	56.949425	335.45972	5.841436	352000	-1.4618039e-08	145.2847	-0.016326962	-110.63149	0.44656247	0.015575833	0.159	17.0	1350.0178263187408
176	1428.8693	273.18277	1814.7876	1220.3043	431.33334	294.44794	63.755405	336.48843	9.091776	354000	-8.240342e-09	243.27988	-0.030434363	-135.0599	0.44312713	0.011890713	0.1965	79.0	1357.9706273078918
177	2164.8835	742.75037	3184.4883	1436.399	663.0	299.63675	55.62646	332.69632	-13.925833	356000	-2.69711e-09	219.00175	-0.028695745	-132.13347	0.4329364	0.01261644	0.192	79.0	1366.2507193088531
178	1831.569	377.80554	2209.3745	1453.7634	558.5	305.8481	50.45607	334.55338	-1.973774	358000	8.761883e-09	135.13785	-0.013227468	-79.908066	0.4343232	0.016119752	0.189	10.0	1373.419578075409
179	1881.3308	796.6504	2677.9812	1084.6804	563.5	302.57443	52.432343	334.5145	33.50327	360000	-2.0235777e-08	113.72846	-0.026421882	-67.83438	0.43220118	0.01503954	0.137	51.0	1381.171523809433
180	1349.758	275.08618	1810.6697	990.2022	399.4	278.61572	75.05786	336.49765	24.191698	362000	9.964686e-09	103.215355	-0.008832181	-56.72501	0.41588598	0.01531722	0.173	6.0	1388.4140775203705
181	1585.6322	698.65924	2750.6506	968.1331	463.75	284.25964	69.05137	334.77515	13.261341	364000	4.1984023e-08	95.74262	-0.020182043	-43.4227	0.41446376	0.015077318	0.1595	24.0	1395.5794124603271
182	1339.0375	241.97261	1745.8278	994.083	392.4	278.45807	76.84221	337.96542	13.753613	366000	3.2149256e-08	109.96491	-0.02722389	-46.669163	0.41138738	0.008243942	0.179	79.0	1403.8874769210815
183	1343.2494	352.13098	1938.0117	989.22485	394.2	278.86368	73.166855	336.14734	-1.6309543	368000	9.573996e-09	120.68772	-0.02901815	-61.723442	0.4163923	0.0058232537	0.172	79.0	1412.0988881587982
184	1342.2346	390.24396	1852.1042	924.9892	397.0	286.73062	70.49645	335.62082	14.423165	370000	1.7926096e-08	146.61156	-0.029023958	-69.32118	0.39991775	0.0074553527	0.1885	79.0	1420.254987001419
185	1583.2197	373.51398	2167.8242	1128.1108	470.25	284.31134	68.637886	336.46738	5.5543675	372000	7.770955e-09	113.41279	-0.0048987404	-60.586807	0.39603874	0.022865914	0.2405	2.0	1427.5359666347504
186	1445.4563	354.5112	2058.0815	1212.4326	421.75	287.456	70.69395	337.5372	13.458338	374000	-3.218651e-09	77.79696	0.0038307155	-47.305218	0.39587206	0.020889977	0.234	2.0	1434.294857263565
187	1235.8627	261.0761	1674.8944	875.14844	364.6	280.2082	71.45912	338.34277	9.521753	376000	-2.501905e-08	310.11255	-0.008849564	-163.59642	0.3956993	0.0154953655	0.171	6.0	1441.5997507572174
188	1513.5872	702.10156	2719.3708	971.9273	450.0	280.12006	67.30251	335.40683	6.686839	378000	1.1110678e-09	312.16098	-0.0051613003	-184.80164	0.3949239	0.016810795	0.176	6.0	1448.7169671058655
189	1712.8165	418.33096	2211.3826	1187.7163	505.33334	292.42792	61.059055	327.285	-1.020926	380000	-7.7746805e-09	196.61559	-0.013114254	-132.10318	0.39365125	0.015212535	0.173	14.0	1455.8827195167542
190	2090.0876	941.24664	3333.0369	1056.0289	620.6667	298.527	51.749546	334.22296	11.50121	382000	-3.6045908e-08	255.5401	-0.009987181	-199.04135	0.3896844	0.015705097	0.1545	12.0	1463.023498058319
191	2322.1711	451.95367	2774.1248	1870.2174	695.5	309.29068	57.420208	342.12222	0.7972722	384000	-6.437302e-09	222.14536	-0.0082978	-138.3934	0.3868379	0.02153754	0.24	3.0	1470.0747878551483
192	1828.31	678.0547	2654.8315	993.9984	547.0	293.04456	63.616737	336.56073	1.1923976	386000	-4.26881e-08	77.09021	-0.00041879577	-23.889961	0.38602254	0.021553433	0.2555	2.0	1477.1763172149658
193	1107.2971	129.66467	1235.6836	919.4943	324.5	266.64957	80.15149	338.6477	0.5885749	388000	-1.5679747e-08	90.26243	0.0002714277	-54.731304	0.3856608	0.021634309	0.285	3.0	1484.195458650589
194	1685.4287	962.3035	3331.8127	920.9816	499.25	285.3144	65.769295	330.83496	18.548214	390000	8.986332e-09	179.11389	-0.008473887	-97.89331	0.3854084	0.016162192	0.233	6.0	1491.3940362930298
195	1115.7592	302.54193	1696.8352	716.9226	326.16666	265.4033	76.341225	334.44592	4.602347	392000	6.748363e-09	287.55334	-0.025757182	-190.35991	0.38473648	0.015110335	0.2305	46.0	1499.1469831466675
196	1079.9325	198.837	1374.7136	783.1955	315.66666	263.50488	77.97018	340.3218	6.8044653	394000	1.7367304e-08	117.208626	-0.013294859	-84.385544	0.37652135	0.017190702	0.1595	17.0	1506.4102010726929
197	1280.5662	701.01227	2673.8608	818.4271	375.8	277.42935	75.05311	338.49762	10.959459	396000	-6.1020256e-09	191.76724	-0.026709735	-87.99385	0.37331912	0.011210193	0.2015	79.0	1514.6117956638336
198	1608.4982	615.338	2430.0195	949.1649	468.33334	292.65976	61.83991	336.47614	13.490806	398000	1.5556813e-08	141.86678	-0.028083667	-113.23349	0.34879655	0.015300239	0.1735	49.0	1522.321461200714
199	2009.0352	806.9949	3138.424	1302.1388	594.3333	301.58374	63.155746	341.5911	7.2544775	400000	-5.90086e-09	148.50018	-0.009368507	-75.451935	0.34109378	0.017313087	0.1965	5.0	1529.5198156833649
200	1953.6792	1025.0388	2978.718	928.6404	578.0	307.29343	53.58959	336.80862	6.028063	402000	-1.2956559e-08	92.564476	-0.004309387	-51.020725	0.34032243	0.016631426	0.254	3.0	1536.6220815181732
201	1827.7711	968.9515	3183.6492	978.0862	557.6667	304.40732	58.886227	341.3058	9.417845	404000	-2.2213905e-08	183.28993	-0.030273622	-109.603714	0.33966354	0.0071989535	0.211	79.0	1544.7437047958374
202	1202.0168	203.32727	1503.005	964.9545	354.6	268.97186	76.25698	334.48242	-11.4197	406000	-3.3825636e-09	164.581	-0.031519167	-90.64849	0.3410364	0.015225047	0.1925	73.0	1552.6911127567291
203	1630.3403	923.07764	3222.5334	978.3109	487.25	286.2812	63.615353	335.08203	12.063429	408000	4.8726796e-09	134.86868	-0.0064906417	-101.95868	0.3415904	0.0171215	0.191	5.0	1559.9634375572205
204	1425.1724	211.77829	1700.3701	1167.4309	413.5	283.65286	68.02194	336.11832	4.4698844	410000	-2.9623509e-08	80.14065	-0.029973073	-40.59317	0.34191337	0.012189844	0.201	79.0	1568.2198748588562
205	1347.2932	634.12585	2605.1265	904.583	390.2	277.72626	74.25228	336.07608	7.548789	412000	1.0311603e-08	123.00969	-0.030270947	-66.819	0.3372458	0.01508247	0.2105	79.0	1576.2827434539795
206	1249.4768	346.5223	1889.4136	930.0685	364.8	281.16248	75.042946	346.165	9.492613	414000	-2.0861626e-10	99.11584	-0.0157064	-63.342175	0.3345539	0.015547417	0.112	16.0	1583.5314571857452
207	1250.5897	396.58463	1809.2565	928.3885	362.66666	289.53152	68.24834	342.37518	8.882713	416000	1.0959804e-08	212.46252	-0.013652216	-152.1369	0.3322639	0.016387576	0.121	10.0	1590.5716743469238
208	1319.1467	429.1273	2174.4507	1038.9956	382.0	279.06174	77.91743	349.21436	6.3629527	418000	-7.420778e-09	77.70037	-0.012584686	-58.294106	0.3279948	0.015287082	0.169	7.0	1598.007553100586
209	2762.7688	622.44653	3385.2153	2140.3223	811.5	311.97958	53.903763	343.47208	6.882166	420000	-3.8146974e-09	48.52099	0.0016037939	-19.003096	0.32499877	0.015871253	0.1765	2.0	1605.263602733612
210	1184.3828	288.693	1547.6936	780.007	342.4	283.57645	72.79842	342.639	10.64798	422000	1.8030406e-08	141.03163	-0.010353328	-93.423706	0.32429323	0.017587617	0.1735	8.0	1612.6474719047546
211	1189.4695	370.52103	1893.1414	872.8467	347.4	277.8153	73.26353	345.9085	-6.2258782	424000	9.074808e-09	122.173836	-0.013457981	-75.3278	0.32330453	0.01562158	0.1445	11.0	1620.495548248291
212	1056.4902	273.95435	1353.0267	683.08984	311.16666	266.57635	81.069756	341.92834	3.143053	426000	1.8179417e-09	233.84308	-0.030289207	-193.87177	0.32300046	0.011804	0.209	79.0	1628.962880373001
213	1022.44025	381.23834	1849.6165	709.0985	299.33334	262.756	77.221344	340.76007	1.3043985	428000	-4.620562e-08	122.291275	-0.0056220745	-88.365555	0.3245041	0.015434403	0.231	3.0	1636.3464982509613
214	1534.0232	362.67203	2157.285	1253.2773	447.25	284.7867	74.319084	343.9651	6.421367	430000	6.1541794e-09	148.18742	-0.029909167	-106.59103	0.32415634	0.006465098	0.1975	79.0	1644.4964208602905
215	1531.2537	435.40723	1917.467	795.81085	449.5	291.96722	71.064	344.14258	8.104421	432000	-5.1008538e-08	146.61456	-0.03198625	-99.521385	0.3153897	0.013106898	0.192	79.0	1652.687327861786
216	1478.864	616.4062	2541.348	1026.8123	437.75	290.0305	71.65498	343.42416	7.0095463	434000	-3.5762787e-10	96.72622	-0.014821223	-75.74594	0.32144937	0.015481907	0.183	13.0	1659.963386774063
217	1337.115	331.29083	1878.8708	997.22394	386.5	273.39072	71.428314	337.70093	-2.556602	436000	-5.9083103e-08	174.79861	-0.014940349	-153.54681	0.32040158	0.015454117	0.1725	15.0	1667.299506187439
218	1889.4155	434.8942	2503.687	1555.7775	558.0	300.44925	63.91952	342.65036	-0.8656378	438000	2.667308e-09	59.47824	-0.007878126	-30.14201	0.31849256	0.015405032	0.1895	5.0	1674.6995468139648
219	1427.3215	339.48627	1873.5408	947.58496	413.75	288.2072	70.797676	341.5555	1.8269253	440000	-3.2396056e-08	59.95635	0.00081421435	-37.65828	0.31812304	0.016112726	0.2405	2.0	1681.4356241226196
220	1649.6382	878.83075	2892.4292	1017.37665	478.0	295.81082	62.96476	342.73486	11.686497	442000	1.8775463e-08	85.05909	-0.005613516	-52.129417	0.3179855	0.015839273	0.172	5.0	1688.8985872268677
221	1307.0903	1016.6044	2672.227	233.97348	393.0	311.74905	56.525005	351.26178	8.281326	444000	5.1409006e-09	2390.2559	-0.0068721147	-1486.5603	0.31758967	0.031016018	0.367	2.0	1695.9748601913452
222	1321.9104	694.96466	2260.0532	249.97356	394.0	272.78082	80.963196	349.09793	-23.40019	446000	1.1578202e-08	1637.6798	0.003034817	-341.1891	0.31747982	0.027112084	0.2695	2.0	1703.6144635677338
223	1335.1971	188.22762	1542.1516	1086.7308	388.33334	290.98718	65.11463	354.18604	9.027473	448000	-2.3359898e-09	668.328	-0.0024148035	-632.02094	0.3173579	0.015490057	0.195	2.0	1710.4737939834595
224	1182.0667	254.07669	1501.8068	832.423	348.4	284.35605	75.70585	347.3452	-12.318314	450000	2.2880734e-08	418.23578	-0.02891686	-284.19623	0.31728643	0.0151085	0.227	71.0	1718.4180467128754
225	1268.2336	342.9382	1828.0768	911.0299	374.8	271.59613	71.96039	340.1769	6.8999567	452000	1.0356307e-08	152.89055	-0.017462123	-82.303314	0.29762894	0.017033672	0.1885	12.0	1725.847755432129
226	1301.3358	278.28003	1578.945	910.82007	383.4	276.45682	77.59718	348.7187	2.587574	454000	-1.9073486e-08	167.3192	-0.012482743	-107.72377	0.2976599	0.015879465	0.26	10.0	1732.894927740097
227	2097.1035	858.5549	3026.3477	955.6848	628.0	294.33676	62.16389	346.84177	6.778342	456000	-3.583543e-08	156.55202	-0.030451575	-104.1998	0.29781684	0.00644338	0.168	79.0	1741.767297744751
228	1604.8978	617.5004	2538.8213	861.0737	471.5	288.61563	68.65718	342.19315	3.0632124	458000	-1.3045967e-08	154.56538	-0.031242644	-89.7489	0.29844263	0.009307372	0.1935	79.0	1751.339833021164
229	1245.8367	716.295	2386.374	182.72992	369.4	284.77588	70.24501	341.7633	7.9345255	460000	1.386553e-08	2149.4775	-0.008181059	-1121.5852	0.2823651	0.023324465	0.2295	3.0	1759.9917576313019
230	1288.6334	260.79922	1703.6458	993.15326	376.2	275.205	72.90661	349.7122	5.770732	462000	3.710389e-09	365.3808	-0.019650973	-304.0252	0.28218332	0.015336048	0.1785	20.0	1767.9437477588654
231	1277.4187	235.5479	1548.3375	919.5883	373.6	273.2868	75.669716	344.72165	0.891026	464000	1.45509835e-08	92.38871	-0.008367909	-50.045673	0.28012505	0.01588358	0.111	5.0	1774.9998297691345
232	1150.643	250.73866	1587.1101	919.0941	336.2	272.0605	77.06669	347.02548	7.079126	466000	1.9341707e-08	94.51563	-0.0020157	-50.902214	0.27936625	0.018510506	0.254	3.0	1782.2299110889435
233	1243.676	240.50917	1625.4069	982.29047	366.8	273.97833	76.49972	348.509	9.604656	468000	8.5830685e-09	40.17858	-0.017732248	-19.969753	0.2788284	0.015424521	0.17	17.0	1789.6788334846497
234	1213.1531	167.49838	1423.5107	1000.8029	355.6	272.5029	74.90473	344.9956	7.2302265	470000	2.2903084e-08	77.06766	-0.028140372	-42.21653	0.27734867	0.01528001	0.198	50.0	1797.462878704071
235	2499.1694	904.38855	3403.558	1594.781	733.0	302.1268	60.998528	346.49118	11.081572	472000	3.7178398e-09	115.049614	-0.024036288	-54.609795	0.25875768	0.015030485	0.1615	46.0	1805.5750665664673
236	1427.0331	402.20108	1856.5958	1015.40985	419.5	291.22223	72.205505	354.82788	-8.097708	474000	3.4153462e-08	139.0176	-0.0046645105	-55.899734	0.25804764	0.018444395	0.2545	3.0	1812.3876802921295
237	1850.6844	832.6535	2923.4053	893.70514	589.0	298.69266	55.009506	355.8433	15.836506	476000	2.2217632e-08	405.50592	-0.007982024	-300.97226	0.2581009	0.016425775	0.192	6.0	1820.7598068714142
238	2149.8435	788.82794	3234.207	1380.7456	651.6667	299.18893	50.71647	339.315	10.906667	478000	1.9207597e-08	167.35684	-0.031804804	-132.76524	0.2585403	0.014143141	0.1795	79.0	1829.1718454360962
239	1585.2527	858.989	3059.6316	996.99866	489.5	293.72925	62.585575	340.8507	9.342413	480000	6.8992376e-09	131.84654	-0.030143159	-88.69957	0.2601614	0.009942042	0.161	79.0	1837.19180727005
240	1346.7261	307.18222	1695.7576	948.2145	389.66666	292.69907	60.007862	337.57498	6.9657516	482000	7.390976e-09	161.50969	-0.017600896	-135.96759	0.25721353	0.017150778	0.2105	18.0	1844.6746580600739
241	1337.9541	685.01904	2139.4844	251.22986	400.25	299.41547	64.39625	346.24704	-10.792375	484000	-5.312264e-09	2169.6384	-0.02303748	-1217.1885	0.25466686	0.0069309543	0.226	79.0	1852.4113488197327
242	1315.8093	283.41116	1659.6588	1008.01996	388.75	278.21265	73.01212	347.4478	7.693639	486000	-2.427399e-08	559.2452	-0.006896321	-478.12244	0.2578274	0.020334316	0.204	3.0	1859.710837841034
243	1125.8276	248.76979	1544.6256	819.22455	332.0	267.47073	76.36982	336.08884	8.172219	488000	1.4562626e-08	194.49854	-0.025172953	-108.76819	0.25809857	0.015499045	0.211	27.0	1868.2035896778107
244	1518.7484	713.2968	2743.6082	1004.8043	446.0	284.2983	70.58437	342.0536	7.9743586	490000	9.504612e-09	82.54025	-0.033631675	-34.72786	0.2540893	0.015529735	0.2195	60.0	1876.951895236969
245	1456.9861	542.41534	2132.105	858.3397	427.0	287.72055	70.82318	345.00272	0.07234287	492000	-2.1334738e-08	84.45372	-0.011646978	-35.00351	0.24078342	0.015641885	0.1445	8.0	1885.8596699237823
246	1718.9727	355.6255	2074.5981	1363.3472	550.5	319.76843	37.103794	346.86142	34.67901	494000	9.775162e-09	3051.3032	-0.005975102	-1820.954	0.2388518	0.030043347	0.2285	2.0	1894.3261218070984
247	2052.5964	794.0005	3142.5298	1273.7726	625.3333	280.6089	58.405537	330.09232	2.195938	496000	-3.5464764e-09	882.0274	0.00060265843	-780.72003	0.23846325	0.015484569	0.2025	2.0	1903.3425886631012
248	2154.4744	933.09753	3289.096	1003.6552	644.3333	303.62424	53.324287	344.17	4.981166	498000	-1.038611e-08	108.339554	-0.0018524076	-71.306366	0.2382152	0.016473344	0.2345	3.0	1912.239601135254
249	1755.7643	821.6421	2915.168	1109.1222	527.6667	293.2225	63.965023	345.10284	-0.00788641	500000	-1.3768673e-08	145.27037	-0.0034269944	-93.73688	0.23782353	0.01726703	0.2	3.0	1921.137870311737
250	1042.0219	131.48802	1260.9442	892.4533	306.33334	265.52234	78.20255	343.52914	5.6856527	502000	1.6599893e-08	116.26504	-0.0021489381	-83.95117	0.23744152	0.01656074	0.1235	2.0	1930.4618990421295
251	1235.4443	162.3903	1546.8678	1107.8398	360.4	268.97363	73.748314	336.73767	1.6967273	504000	3.8057564e-08	107.62992	-0.003385045	-62.09858	0.23717895	0.017893374	0.2305	3.0	1939.1958866119385
252	973.32965	187.36348	1403.494	809.429	285.42856	257.2448	78.24638	339.59824	5.6787066	506000	3.3080578e-09	108.17609	-0.03330698	-59.604538	0.23685874	0.012548019	0.1985	79.0	1949.7439472675323
253	1202.7568	279.5582	1737.6813	1006.1213	349.0	272.4462	73.36467	338.345	6.507273	508000	2.4588779e-08	108.702354	-0.0046472857	-74.84845	0.23746793	0.015207883	0.212	3.0	1958.4381749629974
254	1900.819	385.3614	2407.0732	1472.9491	555.0	302.02292	62.45127	345.7743	-0.5717478	510000	3.052503e-08	84.0297	-0.015211027	-38.074883	0.23713918	0.017582979	0.192	14.0	1967.5470614433289
255	1847.131	1025.5785	3287.6047	980.288	552.3333	309.201	55.3191	343.6882	5.464994	512000	-2.1949411e-08	58.48858	-0.01137032	-34.218346	0.23385605	0.017372921	0.169	9.0	1976.6578948497772
256	1121.7115	340.3099	1749.5614	828.3379	327.4	281.38138	73.08343	348.53198	11.47933	514000	-1.26510855e-08	82.65215	-0.03324297	-43.316734	0.23213713	0.014334547	0.213	79.0	1986.805189371109
257	1224.2275	171.31403	1460.0309	997.18414	356.25	288.24527	69.37614	343.489	7.2342486	516000	-1.6376376e-08	74.25457	-0.011123435	-36.382187	0.21998672	0.015875356	0.171	10.0	1994.57470703125
258	1451.7064	211.71797	1710.0078	1185.7859	424.0	280.75183	70.49121	342.86328	8.18895	518000	1.6719103e-08	60.064186	-0.014380437	-39.025288	0.21898752	0.015423555	0.1315	18.0	2001.8715798854828
259	1105.3456	128.54686	1284.3877	967.61017	319.33334	269.51923	78.600555	340.8981	5.402916	520000	1.8775463e-09	54.819042	-0.012817145	-28.107883	0.21555723	0.015841708	0.214	7.0	2009.0955791473389
260	2097.7952	824.9743	3212.8533	1243.0155	632.3333	305.3304	53.70707	340.38153	4.7968283	522000	-1.2695789e-08	46.190327	-0.027441505	-28.36863	0.21388964	0.011150787	0.1555	79.0	2017.297108888626
261	2112.1519	467.9809	2760.8945	1674.3834	622.0	300.8259	62.65315	343.90002	4.853372	524000	1.9878149e-08	75.85249	-0.017523795	-35.614006	0.19750558	0.015467655	0.175	20.0	2024.5077586174011
262	1632.3042	469.98544	2190.3284	919.8913	484.5	289.87146	71.13451	342.59872	6.949767	526000	-1.2978911e-08	706.3896	-0.009165109	-584.4771	0.19827679	0.01575509	0.2085	12.0	2031.7781887054443
263	1996.038	640.4201	2901.4988	1525.632	582.6667	289.96884	64.02386	339.67633	-6.145914	528000	-4.656613e-08	210.37999	-0.009431225	-176.4968	0.19827664	0.016826881	0.148	7.0	2038.879573583603
264	1347.9727	394.72748	2033.2797	1010.6672	391.2	278.80707	73.00132	351.0695	3.7169833	530000	-1.13025305e-08	120.39017	-0.0041509825	-72.40474	0.19868502	0.015214575	0.14	6.0	2046.0714893341064
265	1177.6166	111.797485	1282.1492	978.9915	339.8	279.60678	77.8312	346.98492	1.395935	532000	3.8867174e-08	114.55825	-0.002918316	-73.83449	0.19851139	0.022264156	0.23	2.0	2053.151567697525
266	1134.2665	249.56975	1562.5696	912.72235	330.33334	272.02917	77.57518	343.17896	7.046	534000	5.6624412e-08	118.01177	-0.0020664209	-84.50993	0.19838424	0.015300815	0.154	4.0	2060.1714639663696
267	1331.6217	227.9343	1606.5646	1028.9777	388.25	288.21124	70.6306	343.72192	11.052624	536000	8.09133e-09	113.11661	-0.038658254	-72.187225	0.19834729	0.015325786	0.247	78.0	2068.546916246414
268	1546.1461	774.33105	2846.0457	901.4307	448.0	287.87073	68.9513	343.12787	7.372946	538000	-3.3527612e-09	73.59542	-0.02923408	-50.13961	0.17786507	0.010992351	0.2005	79.0	2076.6866207122803
269	2027.6254	506.3355	2737.7466	1592.8196	589.3333	302.1854	64.53205	355.68167	8.498066	540000	-3.9935113e-08	59.202267	-0.02905887	-31.395226	0.16546914	0.013020591	0.1755	79.0	2084.8505432605743
270	1631.8185	570.9925	2599.142	1167.249	478.0	292.52893	72.234825	349.63556	8.695235	542000	-2.9981138e-08	56.586086	-0.024415126	-36.343727	0.16615517	0.016483825	0.1735	25.0	2092.3128345012665
271	1329.8573	224.73338	1625.5488	1061.3367	385.8	280.84882	74.253174	345.30106	7.519346	544000	-7.629395e-09	35.100445	-0.0024066349	-21.26905	0.15914752	0.020397758	0.2315	2.0	2099.20183300972
272	1368.5719	202.47101	1592.1726	1162.6112	400.5	289.84613	69.73917	345.2696	5.08253	546000	2.3514032e-08	59.989456	-0.0036034577	-40.438553	0.15849411	0.015270868	0.173	3.0	2106.603677511215
273	1778.3555	1070.4973	3292.0947	1001.6986	531.3333	308.9541	56.36783	344.00867	7.2411704	548000	-1.1213124e-09	68.08596	-0.022555916	-50.51856	0.15762675	0.015749633	0.2415	29.0	2114.09552359581
274	1582.8951	677.17206	2532.3542	999.8205	464.33334	299.01785	62.420998	348.73358	3.8049154	550000	-9.116251e-09	89.26794	-0.010697231	-59.48519	0.15386775	0.015506276	0.1145	10.0	2121.2433862686157
275	1652.4679	721.4809	2854.0898	998.2564	485.0	286.4394	73.24877	361.97147	1.1536736	552000	1.5333296e-08	175.61957	-0.0065923934	-141.63669	0.15316378	0.017001653	0.1825	8.0	2128.3717863559723
276	3112.8938	164.52222	3277.416	2948.3716	927.0	319.69687	40.26846	345.32776	6.4463563	554000	1.5199184e-08	67.21158	-0.0036640544	-37.471836	0.15222637	0.02581738	0.2845	2.0	2135.5754375457764
277	1578.2466	430.6852	2241.6704	1035.5587	458.75	292.41983	69.64165	349.12247	8.582706	556000	6.6161157e-09	53.99381	-0.023455564	-36.8834	0.15195458	0.0164165	0.1925	28.0	2143.222624540329
278	1400.2556	705.51355	2620.722	956.6476	407.5	284.4239	73.92418	354.99625	-2.197411	558000	3.0256807e-08	61.489765	0.00021604242	-33.668926	0.14986964	0.019738875	0.1995	2.0	2150.2973465919495
279	2185.1443	825.80206	3303.8762	1335.5151	649.6667	307.58603	55.946823	348.84662	3.7870908	560000	7.793307e-09	85.95643	-0.003399829	-60.960632	0.14974539	0.015982185	0.156	2.0	2157.44326877594
280	3134.6038	31.113037	3165.7168	3103.4907	1000.0	334.24683	15.314131	357.8193	251.5624	562000	2.7313828e-08	278.08014	-0.027404033	-212.3923	0.14957301	0.008206899	0.163	79.0	2165.559758901596
281	2502.864	715.6546	3218.5186	1787.2094	762.0	315.25208	38.390823	342.64423	-0.1979003	564000	-3.139675e-08	67.230385	-0.005182309	-28.692791	0.14781027	0.017823897	0.2015	3.0	2172.75573015213
282	3150.216	55.41626	3205.6323	3094.7998	1000.0	317.55832	31.71878	343.9856	47.006626	566000	6.401539e-08	169.66724	-0.030694177	-126.34947	0.14760098	0.009250433	0.173	79.0	2180.929811477661
283	2696.4253	517.36865	3213.794	2179.0566	826.0	303.57074	41.952274	333.63226	20.850832	568000	-2.0310283e-08	249.50768	-0.0047872323	-196.14536	0.14617355	0.018247778	0.247	2.0	2187.8289947509766
284	1687.5231	535.97736	2444.1357	1269.7125	489.0	295.58	63.811924	344.2392	13.661026	570000	2.2798776e-08	100.62991	-0.0066019166	-64.913635	0.1460038	0.019955097	0.2015	8.0	2195.1395180225372
285	1262.0892	210.33434	1527.05	1012.5293	363.33334	300.70114	63.406715	345.14413	5.8048887	572000	4.881993e-09	29.003805	-0.004507539	-14.425806	0.14584087	0.015638787	0.209	6.0	2202.251543521881
286	2273.495	989.49866	3262.9937	1283.9963	687.0	320.0968	40.900257	344.10672	7.6826296	574000	-1.7141923e-08	39.524788	-0.017900145	-17.07344	0.14558268	0.015213548	0.1305	12.0	2209.411541700363
287	1214.4753	284.0078	1675.8485	957.32166	353.5	292.65015	72.93889	346.5339	4.331317	576000	2.3901462e-08	113.88166	-0.020974725	-57.94198	0.14487469	0.015171735	0.1775	29.0	2216.8468430042267
288	1273.7162	488.6392	2118.4082	946.27264	371.25	287.956	71.946556	345.64658	3.7261472	578000	4.3690203e-08	37.63027	-0.030535148	-21.98	0.14668971	0.009497577	0.1985	79.0	2225.0635845661163
289	1307.8546	286.42157	1589.3749	786.1264	381.4	278.93237	74.76705	342.0685	-1.0353751	580000	-5.145371e-08	78.70517	-0.0069690878	-44.48163	0.13221395	0.0165781	0.197	3.0	2232.299810409546
290	2154.246	841.19574	3316.0034	1351.6572	623.6667	296.41312	61.65527	344.9689	14.663603	582000	-3.952533e-08	160.82228	-0.00027670944	-127.664406	0.13167317	0.016367564	0.279	2.0	2239.5038228034973
291	2358.015	862.511	3220.526	1495.5039	719.5	328.68094	41.62076	360.13254	10.346678	584000	-8.642673e-10	129.53766	0.0014394046	-94.77844	0.13138986	0.016832737	0.1865	2.0	2246.487726688385
292	1961.8334	245.1078	2178.2185	1619.1204	579.0	301.61124	62.116817	347.05582	5.416767	586000	-4.187226e-09	124.72518	-0.017421078	-86.75482	0.13112453	0.015828023	0.1575	29.0	2253.9902946949005
293	3274.6545	48.69873	3323.3533	3225.9558	1000.0	321.80194	27.246487	346.1657	154.24155	588000	1.4856457e-08	70.87301	-0.010611359	-52.72503	0.13326232	0.017572979	0.1765	6.0	2261.0752868652344
294	1304.2549	307.6053	1909.525	1094.1007	377.0	281.65	71.50671	344.8731	5.6086955	590000	-2.1327287e-09	168.49197	-0.027219549	-126.257126	0.13364898	0.01057378	0.171	79.0	2269.369549512863
295	2085.9976	788.8581	2855.0642	1001.5727	612.0	299.55414	62.9542	346.0176	8.1906	592000	9.566546e-09	89.464905	-0.016201662	-62.76322	0.12314372	0.015582289	0.131	14.0	2276.5907061100006
296	1994.9684	565.89056	2553.659	1219.3904	586.3333	299.0495	66.72845	350.14645	-2.175191	594000	-2.82228e-08	143.22218	-0.019553453	-91.62093	0.120427735	0.015462482	0.1775	25.0	2283.9834990501404
297	2219.09	685.72034	2945.8591	1299.6718	649.3333	297.18994	66.86659	345.85168	9.464567	596000	5.543232e-09	105.58453	-0.017456079	-77.02154	0.11983542	0.015294867	0.174	25.0	2291.2697987556458
298	1687.12	443.18784	2265.7437	1189.1957	497.33334	298.65338	65.00777	349.40775	-1.2530022	598000	1.001358e-08	232.97366	-0.010163999	-156.55829	0.11948731	0.015881166	0.1975	6.0	2298.479533433914
299	3321.7397	12.833862	3334.5737	3308.906	1000.0	322.7968	19.84638	345.44202	188.40381	600000	-2.8489158e-08	97.73764	-0.027597576	-59.76695	0.118377596	0.013691147	0.1675	79.0	2306.551748275757
300	1133.8414	138.01208	1323.278	968.63245	328.5	267.94055	81.38049	345.27597	0.68614054	602000	-2.2612512e-09	97.07761	-0.0049511897	-81.57642	0.120405175	0.015590552	0.172	2.0	2313.8246414661407
301	1542.6646	254.93582	1824.1161	1206.805	453.0	300.4338	64.22321	349.58417	3.8877587	604000	1.0973774e-08	76.619545	0.0020804834	-34.829895	0.120269924	0.015541125	0.224	2.0	2320.8875336647034
302	1550.1583	417.29425	2113.384	1115.9535	448.66666	298.98248	62.649303	346.09048	8.477058	606000	2.375245e-08	130.25827	-0.0009861857	-43.529137	0.12012186	0.02016477	0.2415	2.0	2327.9195518493652
303	1617.4161	589.0097	2509.461	1070.9257	480.0	291.40424	70.90569	346.4374	10.208402	608000	3.0174852e-09	201.53499	-0.03272683	-117.77393	0.120001055	0.011153235	0.216	79.0	2335.9905943870544
304	2646.4639	600.49774	3246.9617	2045.9662	797.0	311.49252	40.182095	340.98413	0.74136305	610000	-2.5242567e-08	98.36207	-0.02044568	-73.9178	0.11758876	0.015383886	0.189	21.0	2343.302870988846
305	1091.7716	102.654526	1275.994	991.03455	316.66666	273.05777	76.618416	344.6159	0.89225817	612000	4.515052e-09	99.93421	-0.0035096386	-77.4656	0.113751546	0.016122509	0.183	2.0	2350.4664821624756
306	1639.6134	958.79004	3288.3079	972.3822	491.5	295.37613	62.340683	341.1578	5.616767	614000	6.891787e-09	195.40584	-0.009962481	-137.0462	0.11322445	0.015805729	0.1735	12.0	2358.20006108284
307	2223.0479	847.73895	3271.1194	1194.8777	662.3333	308.09976	57.16115	354.04785	5.032071	616000	-8.046627e-09	112.09412	-0.0144545315	-96.38078	0.10920337	0.015483265	0.1905	17.0	2365.5330476760864
308	2405.9355	620.2445	3026.1802	1785.6912	699.5	314.70096	54.69148	351.06274	6.040384	618000	3.318116e-08	39.544323	-0.028244471	-23.181414	0.10330536	0.015374265	0.171	43.0	2373.143728494644
309	1655.3503	276.4043	2066.851	1314.9792	485.75	295.88464	70.57596	352.04453	3.615882	620000	4.5739114e-08	141.09782	-0.028742038	-101.16211	0.10689737	0.008082105	0.1805	79.0	2381.2148575782776
310	1213.6836	232.6188	1529.746	975.7498	349.0	277.9242	75.271736	343.41843	5.3036337	622000	-5.2675606e-09	96.97566	-0.012938467	-70.28158	0.109044924	0.01535836	0.15	8.0	2388.631812810898
311	1586.4723	464.1228	2171.0476	1035.6914	464.66666	302.01224	64.63658	346.09714	4.687405	624000	3.7506222e-08	101.73931	-0.018727114	-38.259823	0.107270345	0.015229844	0.188	19.0	2395.79749751091
312	1640.8738	493.25333	2352.2522	971.998	476.5	291.3994	70.795494	344.8359	1.776401	626000	3.570318e-08	65.31502	-0.033238493	-26.537746	0.10398292	0.011602533	0.2195	79.0	2404.5995643138885
313	1544.7346	461.40698	2318.1997	1097.3157	447.25	288.62595	70.09543	346.64053	16.203676	628000	-6.718375e-08	91.24487	-0.018917935	-54.99057	0.09795714	0.015040098	0.148	24.0	2413.0270743370056
314	1643.3896	830.72015	3074.0505	1035.9335	486.0	294.88324	72.17547	350.9493	-6.055596	630000	1.7821788e-08	227.47197	-0.031247558	-151.32251	0.09839219	0.013659532	0.1795	79.0	2421.783567905426
315	1627.2946	431.25278	1999.0441	1022.70734	472.66666	296.3687	67.04695	349.68857	3.5609617	632000	-1.8775463e-08	120.166824	-0.018861108	-95.66272	0.09674894	0.015202318	0.184	19.0	2429.195602416992
316	1823.6908	1107.1455	3389.3833	1030.2704	537.0	305.83893	56.56787	347.15872	11.45131	634000	-3.3467543e-08	88.256165	-0.01887312	-47.591125	0.09253363	0.015347125	0.173	22.0	2436.180451631546
