Epoch	AverageEpRet	StdEpRet	MaxEpRet	MinEpRet	EpLen	AverageVVals	StdVVals	MaxVVals	MinVVals	TotalEnvInteracts	LossPi	LossV	DeltaLossPi	DeltaLossV	Entropy	KL	ClipFrac	StopIter	Time
0	97.76962	23.793049	198.5903	72.10027	20.070707	-0.05576277	0.271643	0.7680444	-0.7461405	2000	2.348423e-08	3451.4182	-0.051951278	-865.76636	0.9189439	0.015780436	0.181	2.0	9.921134948730469
1	95.78837	21.671278	179.04811	72.1683	19.683168	9.455033	0.024283871	9.4602585	8.8656225	4000	2.6106834e-08	2419.3599	-0.05676214	-395.9358	0.9186259	0.017838657	0.292	4.0	20.82931089401245
2	95.28093	18.328241	155.74873	72.16193	19.722773	14.822668	0.020193288	14.824398	13.96632	6000	-1.03652475e-07	1887.4724	-0.046738844	-288.60156	0.9183307	0.020858655	0.301	5.0	32.015376329422
3	98.6863	23.40333	187.78651	76.530495	20.32653	19.469574	0.01733857	19.47074	18.725792	8000	5.456805e-08	1874.0969	-0.051347833	-260.18665	0.9178807	0.02123955	0.277	5.0	42.896586179733276
4	102.004845	23.780539	189.59254	76.78285	20.957895	23.953754	0.151621	23.960281	18.685375	10000	4.2140485e-08	1739.3668	-0.036960814	-223.068	0.91742104	0.017494678	0.16	4.0	53.86087131500244
5	98.753296	21.039078	164.0699	76.738815	20.316326	28.192097	0.3654289	28.211231	13.61722	12000	6.5743926e-08	1337.554	-0.049241666	-153.15308	0.91728354	0.016672738	0.2725	6.0	64.85318446159363
6	105.846596	30.060947	188.47581	76.82775	21.695652	31.356699	2.6606364	31.797142	-1.0289621	14000	-2.7239322e-08	1674.5039	-0.05440789	-249.21997	0.91729766	0.018875696	0.2855	6.0	76.02102327346802
7	103.9063	26.349493	182.89944	76.77556	21.265957	32.17803	6.6529756	35.73373	-5.522007	16000	-1.2814999e-09	1271.4774	-0.05116095	-233.98328	0.9172906	0.017997535	0.27	6.0	87.20898199081421
8	110.7915	26.552702	184.67776	76.76635	22.689655	34.253887	9.946546	39.766087	-3.2916517	18000	-3.9458275e-08	1251.5918	-0.044365246	-207.07678	0.9171624	0.015492774	0.236	5.0	98.45718312263489
9	112.0077	31.831013	189.89172	76.73367	22.850574	37.056892	11.792209	43.88036	-7.099669	20000	5.9336426e-08	1230.6831	-0.05883677	-194.92969	0.9170726	0.017585967	0.3335	7.0	109.82493710517883
10	115.096176	30.619263	225.8566	76.84415	23.494118	39.777832	13.393707	47.915806	-7.0727806	22000	1.4841556e-08	1128.2445	-0.052000433	-188.86792	0.91691375	0.016343733	0.267	6.0	121.07552480697632
11	115.975746	34.74319	265.50302	76.962746	23.738094	42.203926	14.828925	51.755898	-4.644002	24000	1.0997057e-08	1152.7432	-0.05543694	-178.75934	0.91668475	0.016955366	0.3435	7.0	132.30108189582825
12	125.47676	40.94779	248.4385	81.66851	25.538462	44.489212	16.213459	55.48833	-5.519271	26000	6.28233e-08	1389.7563	-0.053263485	-223.4878	0.9161232	0.020957364	0.262	6.0	143.53707265853882
13	128.92767	37.606262	269.397	81.87934	26.25	47.073467	17.738708	59.682278	-9.641551	28000	2.1249056e-08	1200.8702	-0.04484839	-205.32782	0.9156107	0.017991226	0.2325	5.0	154.97308254241943
14	144.91183	52.39839	289.37006	76.80983	29.41791	52.635494	17.22054	63.61566	-10.501211	30000	-4.842877e-09	2011.848	-0.05021096	-338.52344	0.9153084	0.017878113	0.3155	6.0	166.169278383255
15	140.32373	45.93501	329.25632	81.331795	28.485714	53.114803	21.529041	68.6975	-12.118949	32000	5.6117774e-08	1428.6348	-0.039934807	-271.47632	0.9151545	0.015515665	0.1405	4.0	177.8253538608551
16	142.37474	45.011086	273.60257	81.49151	28.867647	57.715477	21.384829	72.79848	-10.957024	34000	2.4661421e-08	1414.7996	-0.04530455	-289.3866	0.91492283	0.019867731	0.2415	5.0	189.4572012424469
17	167.59203	60.677174	321.1027	87.047516	33.864407	61.5306	22.497856	76.720245	-39.84006	36000	3.3020974e-08	2195.7417	-0.04913621	-443.76648	0.9145595	0.018957237	0.2665	5.0	200.9448277950287
18	173.1936	66.59774	441.5145	81.90121	34.929825	65.63667	24.288504	81.97858	-28.529127	38000	-5.6028366e-08	2419.8853	-0.037062664	-470.21985	0.91424835	0.015472665	0.179	4.0	212.29665660858154
19	176.704	61.042423	369.2872	81.924065	35.285713	69.02314	26.490168	87.30174	-10.322624	40000	-2.4020672e-08	2038.2471	-0.041898735	-478.44397	0.91414815	0.015903069	0.2425	5.0	224.27711272239685
20	189.5001	82.80246	465.30966	93.16591	37.884617	73.29333	27.46113	92.057495	-46.721764	42000	-4.2378904e-08	3344.5764	-0.04973546	-694.37354	0.9139371	0.01651541	0.3	5.0	235.8812291622162
21	204.39484	78.029335	439.95636	99.2351	40.632652	78.66444	29.055431	97.71485	-27.546705	44000	3.0487776e-08	2960.4236	-0.038388718	-659.70557	0.9136275	0.016788624	0.1805	4.0	247.7251889705658
22	219.67996	67.77821	322.04504	86.91328	43.260868	82.893654	31.395779	103.28509	-30.981617	46000	-5.081296e-09	2503.354	-0.04208356	-612.8689	0.9133369	0.016851587	0.247	5.0	259.48290276527405
23	205.79724	76.830986	431.4519	86.43152	41.291668	85.90648	32.88125	108.58735	-47.375225	48000	-3.8951637e-08	2459.4336	-0.059470393	-722.96545	0.9127766	0.017594667	0.383	7.0	271.22131848335266
24	236.67357	72.42641	463.38156	91.405876	47.707317	84.3056	36.47923	112.89019	-24.076424	50000	2.3514032e-08	2835.2693	-0.056349963	-876.1315	0.9118187	0.015573232	0.2635	6.0	283.015056848526
25	268.7484	88.32848	459.09024	94.01748	53.945946	93.41843	35.31577	117.90114	-11.54413	52000	2.1785498e-08	3806.5337	-0.040832665	-961.7932	0.9111961	0.015516927	0.1495	4.0	294.8636157512665
26	272.41193	67.24768	417.97818	153.22032	54.36111	101.15179	36.17355	124.25805	-11.192928	54000	-1.938641e-08	3041.406	-0.051213067	-970.18506	0.9109012	0.018979473	0.3205	6.0	306.6512038707733
27	300.88788	82.99101	468.82404	108.36484	59.969696	103.588356	39.086735	129.51088	-5.221011	56000	1.8581748e-08	4092.4421	-0.06114305	-1299.2405	0.9103094	0.015797244	0.3845	8.0	318.58912229537964
28	291.27344	88.024345	549.46716	112.85819	57.794117	111.649895	39.17415	135.53824	-28.669884	58000	5.2943825e-08	3923.3035	-0.052162223	-1249.8196	0.9098676	0.01600824	0.289	6.0	330.56826519966125
29	284.4195	79.70589	426.4258	100.53213	56.057144	110.34935	43.190998	140.87227	-20.367247	60000	2.682209e-08	3068.6992	-0.045196433	-1071.6831	0.9094881	0.019443348	0.2345	5.0	342.3151915073395
30	278.90457	79.32668	470.05258	97.33957	54.916668	114.13958	44.580643	145.41257	11.96794	62000	3.799796e-10	2834.0833	-0.042731572	-1160.6855	0.9090359	0.017231997	0.2195	5.0	354.0793216228485
31	290.7411	83.5151	450.317	126.11606	58.117645	115.59089	46.145634	149.24138	-42.34176	64000	3.245473e-08	2974.0188	-0.05043089	-1150.2087	0.908768	0.01770887	0.2945	6.0	366.40648007392883
32	292.53555	72.49194	527.9926	180.79185	58.088234	116.59392	48.74324	153.13591	-4.3903823	66000	4.8816204e-08	2383.0808	-0.042064663	-865.49963	0.90860397	0.016717201	0.2545	5.0	378.62084579467773
33	328.23972	91.90377	613.06964	226.10664	64.8	120.88259	47.835724	156.81631	-11.650499	68000	-9.1582535e-08	3466.8823	-0.046813708	-1164.1829	0.9085263	0.018785285	0.3395	6.0	391.2587366104126
34	295.56122	53.56403	445.25012	173.36404	56.85294	120.75595	51.02408	161.82405	-31.947268	70000	-1.3917685e-08	1666.1046	-0.03872776	-652.32477	0.90826964	0.01590117	0.24	5.0	403.34336972236633
35	336.42102	70.13585	525.25305	191.73175	65.36667	123.37422	49.766014	165.10083	6.164476	72000	-4.7892332e-08	2752.8933	-0.034279756	-1055.4893	0.90790236	0.016886326	0.192	4.0	415.9530999660492
36	333.48898	60.62841	480.8081	216.82451	65.8	130.81096	51.447113	169.74516	1.9752276	74000	-5.7011842e-08	1980.9291	-0.056605935	-723.44714	0.9076534	0.01888541	0.3095	7.0	428.5699985027313
37	312.478	82.612274	544.3908	83.76812	60.333332	131.75517	53.45282	173.8205	-16.81149	76000	-3.9197506e-08	2453.1404	-0.05077905	-1110.6725	0.9073383	0.019226847	0.321	6.0	441.0731348991394
38	321.95764	80.341064	528.60474	126.56588	63.032257	128.01947	56.55667	177.00362	-12.991469	78000	-2.4557114e-08	2072.3755	-0.043639883	-888.90784	0.90698606	0.017587319	0.226	5.0	453.5050494670868
39	336.06067	59.83041	538.7986	225.03757	65.1	129.94743	57.13789	180.41539	-33.622334	80000	-2.3663045e-08	1804.3688	-0.05342132	-803.53723	0.9067752	0.017674249	0.333	7.0	465.99684405326843
40	346.19122	73.71568	489.9517	220.33849	67.10345	134.39832	56.036346	183.74606	-29.688131	82000	4.1514635e-08	2086.8845	-0.04830516	-881.1948	0.9062948	0.01968481	0.305	6.0	478.481085062027
41	320.7893	68.51115	573.50446	200.05688	62.34375	137.91087	59.170895	187.50676	-5.8245354	84000	-2.0425766e-08	1717.4279	-0.05466162	-859.466	0.90595514	0.018467754	0.304	7.0	490.65626072883606
42	325.35754	68.12797	493.32266	213.35379	63.966667	133.29578	60.16431	190.02031	-13.664619	86000	-1.4994294e-09	1876.7117	-0.05091031	-998.1137	0.90603137	0.017103298	0.2485	6.0	502.9853308200836
43	311.69595	46.686222	429.4082	236.4524	59.575756	134.44069	60.74186	192.37906	-8.563154	88000	-3.2283367e-08	1116.0278	-0.046816718	-620.8	0.90625525	0.016814426	0.282	6.0	515.4813113212585
44	334.53906	71.27602	503.39825	220.58289	65.23333	133.44577	60.4274	194.15211	-28.374886	90000	2.296269e-08	1587.3334	-0.03971203	-761.98865	0.9064671	0.015583083	0.2305	5.0	527.6411180496216
45	330.34113	70.83991	529.24567	190.18512	63.967743	136.596	60.396564	196.74727	-7.6906414	92000	1.9878149e-08	1727.3191	-0.053913675	-916.74396	0.90641415	0.01795234	0.349	7.0	540.2291724681854
46	331.77438	66.24674	482.361	214.21909	64.16129	139.18982	62.76078	198.98943	-2.7669356	94000	1.5348196e-08	1489.2268	-0.055129584	-762.91327	0.90654016	0.017891139	0.3205	6.0	552.7370736598969
47	329.15826	58.814938	438.6408	201.04906	63.548386	137.27042	64.519875	201.05196	-13.69985	96000	-2.7641653e-09	1339.2241	-0.05110468	-764.98413	0.9067914	0.018102093	0.3745	7.0	565.069132566452
48	328.9488	81.941666	518.5677	182.01521	64.23333	142.90941	60.644882	203.13708	-8.845336	98000	-2.4959446e-09	1825.1494	-0.043602113	-999.1449	0.906834	0.016267402	0.1995	4.0	577.4924347400665
49	331.4011	64.410194	468.18842	227.14128	63.935482	139.50038	64.52104	205.32288	-20.50927	100000	6.2286856e-09	1515.2827	-0.044370234	-942.4393	0.9068056	0.018784042	0.3455	6.0	589.6812345981598
50	341.79843	64.2675	502.00912	248.93475	66.03333	139.81677	63.452515	207.28766	-5.9088926	102000	1.4007091e-09	1320.5853	-0.053574998	-747.6087	0.90682137	0.019523475	0.319	6.0	603.2171335220337
51	331.56622	73.29349	583.68976	215.16624	65.933334	136.5817	69.70264	209.40538	-51.469315	104000	4.4226645e-08	1499.6918	-0.062298886	-902.7174	0.90683216	0.016250042	0.3375	8.0	615.4605615139008
52	353.14728	67.951454	511.80997	198.92848	68.64286	141.75021	64.08518	211.02992	-19.299505	106000	-9.3579295e-09	1230.2938	-0.036467504	-650.82587	0.9063708	0.017659577	0.1845	4.0	627.8370773792267
53	350.70404	76.40515	474.48645	192.13991	68.55173	143.92787	67.469124	213.82669	-12.583967	108000	-3.6720188e-08	1309.4664	-0.050403163	-706.1763	0.90613395	0.018470373	0.3025	6.0	640.9454488754272
54	343.87396	58.047756	503.78772	232.48083	67.93104	147.89752	68.699265	216.20715	-6.643841	110000	2.1386892e-08	1167.3624	-0.03514817	-792.0328	0.90608585	0.017912759	0.2405	4.0	653.4945294857025
55	349.9075	61.50437	490.9872	248.16788	67.93104	146.93951	64.60424	217.73969	-7.211772	112000	4.215911e-08	1170.0306	-0.040086165	-719.7386	0.9061151	0.01741283	0.302	5.0	665.8250389099121
56	340.46268	60.36458	465.11133	229.24702	67.034485	144.4487	69.064896	219.43227	-51.592228	114000	-9.246171e-09	1130.6141	-0.04448332	-773.74646	0.9064449	0.019120477	0.277	6.0	678.2291123867035
57	363.9516	59.94668	486.31308	240.95474	69.75	144.42522	66.50003	220.74364	-6.8803587	116000	-1.3059005e-08	1226.7733	-0.055092487	-737.12134	0.9066115	0.017483288	0.291	7.0	690.8015158176422
58	356.2892	80.8886	656.5581	248.98683	70.64286	154.26495	68.94846	223.26572	-38.948994	118000	2.3510307e-08	1726.6847	-0.05786609	-1065.2983	0.9064	0.016244773	0.39	7.0	703.4883906841278
59	376.62332	76.18926	591.4589	259.90857	73.74074	145.64183	71.86145	225.46642	-17.143522	120000	2.3812056e-08	1622.095	-0.045338146	-986.8559	0.9059131	0.018181238	0.2535	5.0	715.885041475296
60	362.519	80.25614	519.0448	231.30045	69.67857	153.97972	70.0632	228.34644	-1.3795171	122000	-2.7365983e-08	1311.4578	-0.045593508	-710.84076	0.9054693	0.018625518	0.2745	6.0	728.5295991897583
61	354.66312	74.82924	544.4474	219.72215	70.25	156.69147	71.90052	230.763	-34.964832	124000	-2.2530555e-08	1426.7236	-0.05270617	-942.07434	0.90509087	0.019901091	0.33	6.0	741.0086481571198
62	362.43365	89.461174	611.83826	229.02419	70.25	148.44572	68.54541	231.99437	0.9543576	126000	6.9975854e-08	1561.5891	-0.048006438	-949.80646	0.90486157	0.016834209	0.312	6.0	753.6691107749939
63	358.44107	69.874084	603.8668	254.31403	69.46429	148.73106	71.107895	234.10437	3.5030487	128000	-4.23193e-09	1174.6273	-0.038620412	-760.5458	0.9048135	0.019995961	0.198	4.0	765.9889919757843
64	378.62363	70.610306	610.4908	256.37018	73.92593	154.11067	70.21476	235.51047	0.4886384	130000	-1.5065075e-08	1395.3264	-0.032081146	-932.7111	0.9048598	0.01598295	0.2195	4.0	778.5870831012726
65	420.51733	126.13476	760.4189	258.0439	82.26087	159.16638	73.86615	237.4265	-16.850445	132000	-6.520748e-08	3245.6255	-0.033111673	-1955.8848	0.9048378	0.015965851	0.2345	4.0	791.1131680011749
66	384.8185	96.012245	728.88995	258.25378	75.53846	162.64677	76.56614	243.12022	-15.545133	134000	-1.7225743e-08	1959.1755	-0.031311393	-1222.7041	0.9047754	0.017842887	0.224	4.0	803.3231024742126
67	370.094	68.55206	516.69934	263.90195	73.07407	156.78258	76.068634	245.09233	-29.044714	136000	-1.3679266e-08	1167.9685	-0.04992748	-782.15283	0.90474707	0.01617783	0.3275	6.0	815.8228945732117
68	373.37604	86.26151	691.87897	254.2189	73.888885	159.56898	75.86328	246.06558	-9.157	138000	-5.910918e-08	1396.366	-0.04887403	-870.05817	0.9045296	0.015307616	0.3235	6.0	828.2969605922699
69	366.3851	73.03933	566.4039	231.86942	71.85185	157.50363	75.50039	247.29858	-14.92472	140000	9.398907e-09	1557.8741	-0.04903888	-1156.0566	0.9043374	0.018581472	0.319	6.0	840.8349342346191
70	374.65884	76.551575	629.50806	280.07074	72.666664	153.70303	71.6266	248.38176	-1.7734804	142000	-7.56979e-09	1251.8542	-0.040306546	-837.59344	0.9041231	0.015817009	0.227	5.0	853.4659731388092
71	346.61786	77.18689	613.42126	239.91208	66.55173	155.74184	73.96334	249.49986	3.9426806	144000	4.4107438e-09	1366.6964	-0.048900746	-925.4569	0.9038651	0.018626396	0.3225	6.0	865.9621539115906
72	342.59085	75.16876	562.3082	231.39911	65.8	152.18939	72.81394	250.66293	-5.5349646	146000	2.9802322e-10	1266.6598	-0.040821433	-894.25415	0.90348494	0.016511353	0.2545	5.0	878.5491759777069
73	361.98047	59.268612	487.2512	263.60553	71.55556	151.64406	77.01068	251.17358	-32.791115	148000	-2.1025539e-08	1090.1208	-0.048541598	-847.69666	0.9031756	0.01662885	0.292	6.0	891.0010440349579
74	389.6876	71.33491	542.4974	256.34152	76.8	154.5361	71.92268	251.32468	-2.9679692	150000	3.6418438e-08	1227.7628	-0.034438036	-848.52606	0.9028905	0.017750446	0.1815	4.0	903.4811551570892
75	361.59293	69.85832	588.8315	274.41742	69.28571	160.83133	77.45993	252.93564	-4.8104954	152000	6.4671037e-09	1098.2002	-0.041759465	-763.88226	0.9027221	0.018122386	0.265	5.0	915.963666677475
76	400.6239	121.74173	831.4382	277.95456	78.56	156.62079	74.14824	253.19563	3.3134103	154000	-2.9802322e-08	2281.2249	-0.04068641	-1382.2277	0.90246934	0.016309502	0.2605	5.0	928.5811195373535
77	362.55234	83.19466	602.3258	264.66293	71.51852	158.97198	79.37485	256.97543	-8.766932	156000	-6.048381e-08	1265.2382	-0.067136295	-847.9808	0.90224624	0.01582042	0.4265	10.0	941.1288242340088
78	373.64648	66.423416	581.8465	279.3801	71.92593	157.32457	72.978	256.93152	-10.952126	158000	-9.3579295e-09	969.01263	-0.05031898	-699.65454	0.9018238	0.017306788	0.2955	6.0	953.733030796051
79	361.30975	72.63834	561.6201	264.48706	69.96429	160.21423	75.84148	258.01413	0.19117236	160000	1.1116266e-08	1151.3131	-0.046849344	-837.5837	0.90162194	0.018608171	0.243	5.0	966.4209420681
80	377.87793	82.10922	625.142	255.4151	72.333336	154.62764	73.808525	258.8119	2.240445	162000	-2.6673078e-08	1296.8147	-0.051896613	-873.76196	0.90155065	0.01678274	0.316	7.0	979.2690782546997
81	349.8617	51.973972	453.96567	251.24246	67.55173	157.8743	78.67907	259.68906	-8.575713	164000	-1.6599893e-08	873.78046	-0.049575854	-684.1149	0.90138376	0.017450616	0.244	6.0	991.6470196247101
82	377.54758	104.92171	754.8339	275.75162	73.76923	151.47194	74.536316	258.86136	2.7608979	166000	4.8458578e-08	1833.4866	-0.053595524	-1180.9971	0.90132713	0.0178941	0.3165	7.0	1004.2929766178131
83	354.75723	53.902782	471.8603	245.51553	69.07143	156.51994	76.10921	262.2444	-4.157181	168000	1.257658e-08	1072.3777	-0.047405224	-818.19336	0.90119886	0.016088974	0.273	5.0	1016.9607484340668
84	394.8494	93.71433	626.9355	222.39761	76.11539	158.49016	73.87319	261.69662	-3.4657645	170000	-6.496906e-09	1613.7198	-0.04573729	-1059.7386	0.9011239	0.017117416	0.3075	6.0	1029.3717772960663
85	380.50214	69.17104	526.61127	278.50836	72.111115	161.41238	79.296646	263.6797	-22.20652	172000	-1.8969178e-08	1000.1551	-0.06348663	-719.15283	0.9011108	0.015677212	0.3885	8.0	1041.8210213184357
86	387.85788	62.6931	498.06854	202.6567	74.57692	167.05415	76.48861	264.67523	-20.055136	174000	-1.2278557e-08	1226.6122	-0.0557682	-970.05115	0.9011052	0.017624836	0.298	7.0	1054.3010277748108
87	375.75034	72.05082	604.3696	289.15466	72.48148	156.95338	76.727455	265.01666	-2.7161012	176000	2.606213e-08	1223.0261	-0.048274647	-846.62573	0.90105325	0.017603554	0.2995	6.0	1066.805032491684
88	366.52744	69.26884	516.8033	259.9206	69.89286	161.89438	75.79599	265.46646	6.0866	178000	-1.2233853e-08	808.9493	-0.042308975	-582.4004	0.90098494	0.020951457	0.3065	5.0	1079.5976815223694
89	372.55807	72.34661	564.8309	266.97635	70.5	157.54886	75.693634	265.76135	6.8938475	180000	3.3318997e-08	825.17346	-0.03986887	-551.88257	0.9009257	0.019400906	0.229	5.0	1092.1175782680511
90	392.46716	93.396996	718.82367	273.9134	76.84	167.41824	76.06766	267.06866	-6.6427402	182000	-1.3232231e-08	1562.8599	-0.048787057	-1050.76	0.90098035	0.015002993	0.302	6.0	1104.7091310024261
91	360.20538	78.85592	640.9663	221.14728	70.67857	166.95938	84.59602	269.98972	-10.6878395	184000	-4.738569e-09	1385.88	-0.038944017	-1046.681	0.90112096	0.017209312	0.2275	5.0	1117.3750100135803
92	385.52356	91.15685	588.26215	259.85446	74.5	154.38687	73.97376	269.8514	-7.1483917	186000	-1.3589859e-08	1439.4725	-0.04066933	-1033.1127	0.90118724	0.015760131	0.2425	5.0	1129.881757259369
93	373.76224	55.89402	524.9815	271.92395	71.51852	160.10416	78.71842	271.00674	-8.460947	188000	3.8743018e-09	795.77344	-0.043689113	-580.2807	0.90101683	0.01756599	0.279	6.0	1142.6690583229065
94	396.3646	73.629845	592.73987	298.1492	75.61539	164.47928	76.31971	270.59366	-2.4578815	190000	1.06453896e-07	880.94684	-0.04997982	-613.5862	0.9007308	0.016213916	0.32	7.0	1155.765328168869
95	382.10202	72.65947	538.2569	288.67627	75.0	164.14494	80.463844	272.9034	-9.634232	192000	1.34408475e-08	1026.0114	-0.04265668	-788.87476	0.90069866	0.01912735	0.247	5.0	1168.2113223075867
96	374.34454	72.65074	625.9331	229.8218	73.0	156.0644	76.64627	273.3633	-5.4754295	194000	2.6702882e-08	1392.9669	-0.040696904	-1029.3807	0.9006353	0.019828558	0.253	5.0	1181.220763683319
97	379.33594	89.72709	594.41125	198.94427	72.96296	162.7175	77.34756	274.0896	-5.5182743	196000	2.2232532e-08	1291.0698	-0.041526575	-892.8916	0.9007323	0.017052814	0.2995	6.0	1193.9250552654266
98	381.69016	74.5331	556.3971	254.66368	74.53846	158.97163	80.264595	275.0485	-18.141994	198000	-1.3269484e-08	1602.2498	-0.04522739	-1225.2471	0.9008064	0.015709562	0.2905	6.0	1206.7052781581879
99	374.91394	52.820805	496.06958	257.76447	73.48148	159.67859	78.57132	274.67554	-0.2831912	200000	2.169609e-08	881.886	-0.034282554	-692.8054	0.9007531	0.020235915	0.2185	4.0	1219.4310669898987
100	386.32443	88.65255	616.5581	279.01724	75.46154	159.82016	75.1423	274.1667	1.1429591	202000	-5.334616e-09	1472.6548	-0.05099541	-1054.906	0.9006399	0.01816214	0.3225	7.0	1232.1890902519226
101	379.90094	69.80383	585.86993	265.8575	73.03704	160.17242	80.85182	275.7939	-7.513024	204000	-6.532669e-08	823.67334	-0.040063675	-579.4686	0.90030736	0.0150583275	0.298	5.0	1245.1210901737213
102	407.01447	114.02455	771.2924	249.13623	78.0	161.6955	74.82286	276.4475	3.1610613	206000	3.2395125e-08	1959.6093	-0.036235064	-1381.4744	0.90010417	0.019335436	0.2255	5.0	1257.7451028823853
103	378.14536	66.251724	585.0202	292.14697	74.34615	169.71025	86.82832	281.00302	-9.451084	208000	3.1134114e-08	1307.6393	-0.039433517	-1049.4532	0.89996755	0.016825207	0.2675	5.0	1270.3690829277039
104	405.06473	88.5405	642.9405	262.99765	77.28	162.56354	77.2537	281.4316	5.642244	210000	-1.218915e-08	1129.6771	-0.054174483	-767.8983	0.8998417	0.016023202	0.3505	7.0	1283.260576725006
105	393.40018	48.50979	478.20212	304.15405	76.38461	172.30653	82.33704	282.03354	4.6446443	212000	4.738569e-09	929.6587	-0.05577183	-748.8319	0.8996696	0.01630757	0.3185	7.0	1296.2287139892578
106	368.22098	65.80818	528.2866	253.50592	71.28571	153.743	81.331276	280.70056	1.6053853	214000	-3.4816562e-08	1174.6157	-0.06196576	-880.3793	0.89953494	0.015046672	0.393	10.0	1308.9768092632294
107	400.29883	84.10207	588.6817	271.15985	77.32	163.79404	72.67059	279.8115	2.9550028	216000	-3.8504602e-08	1102.2156	-0.05611018	-799.70746	0.8995671	0.017063227	0.3435	7.0	1321.9230606555939
108	397.93646	69.29542	560.18915	284.07828	76.34615	164.63234	77.52051	283.0373	9.209999	218000	-2.384186e-10	860.12	-0.030096283	-585.6013	0.8995738	0.015290192	0.219	4.0	1334.6278693675995
109	379.64172	58.86732	544.5649	283.20245	72.666664	170.00104	81.269035	283.0421	1.5376263	220000	-5.90086e-09	831.4294	-0.031499393	-642.6762	0.89953214	0.016608262	0.2185	4.0	1347.2010478973389
110	389.11755	74.604324	560.5113	255.83943	75.15385	158.43236	78.16013	281.53683	-3.2177472	222000	1.8328429e-08	1113.5579	-0.035365716	-821.7563	0.89948833	0.016833281	0.221	5.0	1360.000991821289
111	398.6089	57.936836	501.20102	303.89343	76.80769	163.30556	78.4128	280.4634	-19.239086	224000	-3.07709e-08	741.78033	-0.046102528	-560.91705	0.89955264	0.016225278	0.2825	5.0	1373.0010812282562
112	411.94266	117.231026	819.11127	277.2629	78.28	171.64786	78.53856	281.39648	5.233172	226000	-7.599592e-09	1631.8508	-0.036553018	-1010.76965	0.89950997	0.015955009	0.219	4.0	1385.7192077636719
113	391.26547	63.180115	553.54224	300.0209	75.84615	163.77278	81.16846	287.47083	-2.8408108	228000	2.4870038e-08	1180.6392	-0.027449178	-928.088	0.89953667	0.019155435	0.2205	4.0	1398.4770758152008
114	401.30466	115.384415	739.02356	263.5069	78.0	166.1976	78.465324	286.97037	-4.9441857	230000	-1.10045075e-08	1724.1521	-0.039978813	-1206.1451	0.8994238	0.015654836	0.2185	5.0	1411.396493434906
115	401.16946	97.00791	603.32697	237.40529	77.64	171.676	83.77967	290.49026	-27.442684	232000	5.4627655e-08	1720.3323	-0.045852084	-1381.2444	0.8993223	0.019057143	0.3085	6.0	1423.9730973243713
116	370.3351	91.041756	537.012	160.32495	72.44444	163.6125	83.21858	293.1759	-8.498636	234000	-1.23828645e-08	1357.3916	-0.04059182	-978.5437	0.899204	0.015412781	0.266	5.0	1436.7851557731628
117	383.13132	101.90057	817.4872	264.55603	73.296295	160.13763	82.20194	290.56754	-5.21649	236000	-4.3809414e-09	1424.3221	-0.05157032	-1002.05383	0.8990551	0.017398901	0.35	7.0	1449.8010711669922
118	402.59457	79.30966	568.8278	266.06775	76.28	170.26491	78.82161	295.516	8.841782	238000	3.539631e-08	933.467	-0.04106739	-687.33765	0.8989467	0.01950269	0.2405	5.0	1462.241049528122
119	408.02676	92.65233	743.7814	239.94637	81.75	165.19829	79.846405	296.8804	6.846016	240000	-1.9773841e-08	1498.0438	-0.03671921	-1125.5492	0.89872414	0.01978821	0.237	4.0	1474.8189764022827
120	406.21118	56.166397	539.29376	281.68167	80.291664	174.50179	87.223404	298.84097	-25.563297	242000	-1.7166137e-08	1084.6766	-0.032321032	-868.21027	0.8984412	0.021830399	0.261	4.0	1487.5584774017334
121	469.34216	67.875824	627.42346	339.43466	92.90476	172.4925	77.1589	296.27618	-10.755125	244000	-4.246831e-09	1149.064	-0.043566357	-912.24225	0.898157	0.019007036	0.2925	5.0	1500.186989068985
122	405.47345	61.609695	564.6149	311.42493	79.84	173.40848	91.67491	300.49384	2.1825857	246000	-1.963973e-08	954.5248	-0.040373344	-782.64465	0.89792967	0.016922843	0.2805	5.0	1512.587115764618
123	427.564	79.74866	579.3955	289.01056	83.608696	166.60881	80.1962	296.75595	1.3633065	248000	1.5377998e-08	1257.1782	-0.037666295	-967.7498	0.89756906	0.01769308	0.223	5.0	1525.3297896385193
124	417.62442	85.09514	748.578	285.71976	81.166664	181.22044	85.55578	299.63556	0.69276524	250000	-3.442168e-08	1243.9094	-0.03970156	-931.5347	0.8971227	0.020753767	0.299	5.0	1538.372985124588
125	397.43945	79.27178	644.88165	278.29416	76.80769	168.92952	82.73923	297.4121	-17.440857	252000	-1.9103288e-08	1035.3362	-0.036393672	-805.5538	0.8968688	0.018965527	0.2865	5.0	1551.0845351219177
126	411.80994	87.98083	631.3087	279.04352	78.6	172.98636	83.234825	299.29852	-5.879164	254000	2.7313828e-08	1327.0319	-0.048687376	-971.1373	0.8966792	0.016024632	0.331	6.0	1563.5690903663635
127	437.8035	111.11255	764.23553	257.44952	85.304344	169.62888	79.19186	301.87778	8.124458	256000	5.158782e-08	1816.6862	-0.053505722	-1426.3765	0.8963759	0.016957277	0.387	7.0	1576.4935693740845
128	383.09467	70.51443	535.6104	246.14127	74.0	166.09596	88.97173	305.08694	2.0781307	258000	2.360344e-08	1148.315	-0.05345966	-914.7931	0.8958748	0.018244019	0.3465	7.0	1589.1691389083862
129	406.54755	77.46102	592.14307	270.6721	78.48	170.97865	81.65382	301.66724	0.9227824	260000	2.0489097e-08	1025.2957	-0.040213555	-742.896	0.8953618	0.019027058	0.271	5.0	1601.8249063491821
130	364.18478	73.129	576.10754	266.12234	70.10714	161.95871	81.357956	301.91183	-5.974508	262000	-1.3209879e-08	1120.7192	-0.040979914	-878.36273	0.89507973	0.01656477	0.2795	5.0	1614.5617370605469
131	410.30545	122.22417	830.2772	247.66647	80.458336	165.3231	76.9957	301.43475	-22.098354	264000	-3.233552e-08	1968.1627	-0.046506543	-1485.355	0.89481044	0.016334942	0.3295	6.0	1627.3731169700623
132	388.4745	103.20492	778.63007	217.52203	76.19231	167.32938	82.53042	307.95825	1.9308591	266000	3.409386e-08	1350.2355	-0.044223256	-1015.8523	0.89424855	0.0154945925	0.2575	5.0	1640.801053762436
133	403.49332	85.72934	625.47296	256.0259	79.24	168.63593	84.822586	309.85413	-7.9567056	268000	-1.4185906e-08	1517.6294	-0.04446628	-1156.1443	0.89372253	0.015704066	0.3575	6.0	1654.105375289917
134	383.48474	84.16224	673.7557	260.66882	73.46154	161.31784	77.70078	307.84235	1.6083093	270000	9.9241735e-09	1397.8768	-0.038593214	-1119.7456	0.89333713	0.016268002	0.1835	4.0	1667.1770884990692
135	399.5081	43.734974	477.9103	326.76468	76.8	168.89778	82.20237	309.5974	4.673446	272000	-1.0669232e-08	843.14124	-0.03238284	-683.0413	0.8932067	0.021486038	0.2785	4.0	1680.0171916484833
136	410.42685	75.16015	542.5985	272.22064	78.88	164.7184	80.03654	304.75443	-5.09266	274000	3.1530856e-08	956.6558	-0.029784642	-707.1168	0.8931186	0.016507009	0.28	4.0	1692.82475233078
137	426.9291	82.62564	664.4481	290.88348	84.82609	179.03575	81.20604	308.15015	6.536066	276000	-4.0519286e-08	1121.7085	-0.04219541	-812.2958	0.8930997	0.017424287	0.279	5.0	1705.7330799102783
138	399.85547	88.07615	635.05334	198.74606	77.92	170.29166	84.97372	310.4997	-3.0497007	278000	5.990267e-09	1064.304	-0.042557236	-768.5112	0.8930001	0.018550621	0.2705	5.0	1718.4967710971832
139	404.99762	86.12449	551.63135	263.1683	77.96	171.54515	79.87216	306.46994	0.6982007	280000	-3.8266183e-08	1245.8444	-0.03328265	-927.14233	0.8927489	0.020651871	0.257	4.0	1731.552996635437
140	376.20062	71.27571	558.0661	275.15616	72.07407	165.97426	84.56854	311.42712	-13.314465	282000	1.1622905e-08	1092.3939	-0.034970835	-835.75653	0.8925031	0.018282764	0.242	4.0	1744.3250155448914
141	400.08142	75.37047	618.3142	263.6651	78.16	159.6831	77.23782	301.46667	4.794366	284000	2.926588e-08	1144.5039	-0.041122284	-880.1867	0.89233637	0.017588794	0.323	5.0	1757.0210881233215
142	397.45584	77.51397	607.0031	294.70367	76.92308	175.60016	82.39891	312.86682	-7.6627455	286000	2.8938056e-08	1210.4055	-0.033805717	-932.2435	0.8922937	0.01902217	0.1935	4.0	1771.0211417675018
143	403.44562	51.90415	529.9487	312.23184	78.84	167.02104	80.19167	306.04935	-6.2387576	288000	5.3226948e-08	729.22345	-0.055399753	-555.3548	0.8922451	0.017960574	0.339	7.0	1786.1556198596954
144	408.8201	87.17503	652.8498	205.88576	81.208336	168.55952	79.06476	312.9693	-1.8317032	290000	-2.7239322e-08	1131.3157	-0.049904365	-761.3329	0.8919566	0.015930923	0.2755	6.0	1799.1718418598175
145	415.09314	82.426674	622.34973	301.91406	78.64	166.33844	81.0947	305.35538	-15.235477	292000	-2.0861626e-10	1060.918	-0.03535118	-762.6566	0.8916057	0.015661819	0.2325	4.0	1811.955849647522
146	376.2228	63.798218	533.0053	298.41254	74.03846	170.22678	83.768074	314.08777	-10.551916	294000	-3.772974e-08	1204.6396	-0.03766641	-979.9332	0.8913888	0.018885782	0.287	5.0	1824.7171652317047
147	415.91708	82.92722	686.30316	288.38623	80.833336	163.03975	79.34406	299.11658	-15.565626	296000	-3.0845403e-08	1191.0111	-0.037399083	-889.30176	0.8911548	0.016507993	0.1705	4.0	1837.8331644535065
148	395.34222	65.65616	571.89575	295.037	75.61539	169.53197	80.8981	311.2065	3.375523	298000	1.2777746e-08	970.66486	-0.033463616	-682.36957	0.8908843	0.01577859	0.2315	4.0	1851.625063419342
149	389.31488	55.722927	494.84134	274.24512	74.61539	170.63422	82.00769	311.05017	2.947486	300000	9.149313e-09	888.661	-0.03975822	-672.37024	0.8905246	0.015073956	0.254	5.0	1864.2370839118958
150	412.29874	74.47405	599.07684	277.01993	79.08	165.11671	80.2052	311.5068	-14.276772	302000	9.268522e-09	966.2164	-0.044064563	-696.01306	0.89034027	0.017424023	0.2805	5.0	1877.1657717227936
151	405.64175	68.55184	526.3006	275.47244	79.72	170.05284	82.318794	313.77692	-1.9213529	304000	9.6261505e-09	968.1008	-0.029524747	-660.9115	0.8902494	0.022117142	0.2095	4.0	1890.3398048877716
152	419.38956	89.143196	681.92	317.15408	81.75	171.61711	80.072266	308.87424	-9.695707	306000	-1.3768673e-08	999.4427	-0.03861112	-697.4514	0.89020175	0.016910316	0.2515	4.0	1905.117178440094
153	419.5065	121.99753	760.2061	212.98866	81.833336	173.19933	81.84118	313.90073	-32.077675	308000	1.0246038e-07	1925.6511	-0.030300051	-1470.1702	0.8902915	0.017394623	0.261	4.0	1920.6883912086487
154	395.1182	84.443504	669.51044	266.6669	76.92	171.95265	85.752594	321.11465	-15.079418	310000	-2.115965e-09	1191.9629	-0.036618862	-939.2302	0.8902961	0.022842297	0.2695	4.0	1936.4411778450012
155	373.75125	54.52389	498.80484	283.22052	72.55556	161.83182	83.42604	311.6889	2.555963	312000	2.5629998e-08	910.3137	-0.04286623	-690.187	0.8901421	0.018387862	0.3355	6.0	1952.545331478119
156	402.0375	119.7396	845.2237	227.6637	81.0	162.08197	81.01936	314.71368	-6.207913	314000	8.136034e-09	1782.6135	-0.04299444	-1364.9331	0.88991714	0.016612764	0.2865	5.0	1968.1851363182068
157	398.69226	76.89842	593.36743	300.3879	79.48	161.60738	84.57818	326.00934	-4.6105423	316000	1.4483929e-08	1246.984	-0.042355362	-948.4582	0.88973886	0.016033566	0.278	5.0	1984.285052537918
158	384.3606	97.99344	697.41644	266.31058	79.08	159.15446	84.36406	319.613	-18.583014	318000	-2.7157365e-09	1853.1356	-0.042184	-1450.5088	0.8895684	0.0166147	0.2465	5.0	1999.932604789734
159	421.7007	71.97859	563.6724	277.1025	84.95652	170.71753	80.50395	320.93146	-13.005416	320000	2.058968e-08	1904.816	-0.04947269	-1488.1716	0.8894608	0.016777594	0.3455	6.0	2014.6769876480103
160	446.5204	107.76118	852.4589	307.94836	88.318184	166.70915	80.589264	315.03946	-9.191851	322000	1.681596e-08	2231.451	-0.05634116	-1668.6895	0.88919044	0.01551169	0.357	7.0	2027.5768580436707
161	425.65167	92.83902	630.58344	222.07411	85.347824	176.12556	89.7426	324.68832	-26.819214	324000	-5.6684016e-08	1645.8254	-0.04267668	-1230.9257	0.8888391	0.016663503	0.2615	5.0	2040.1081445217133
162	400.59097	64.152725	565.8826	265.3792	78.48	169.46063	80.21953	319.002	-9.8380995	326000	-5.686283e-08	1134.8146	-0.04317273	-838.9133	0.8886105	0.02140739	0.2995	5.0	2052.4649403095245
163	431.10718	98.13546	610.24524	247.92574	84.86957	168.26534	81.93361	302.0606	-15.4387	328000	-1.2993812e-08	1960.6157	-0.038826827	-1321.9419	0.88839716	0.015939461	0.258	5.0	2064.869065761566
164	432.22495	116.123184	865.64685	303.80957	83.608696	178.63695	81.1103	321.8592	4.7359548	330000	-2.2947788e-09	2002.8275	-0.03209523	-1425.2437	0.888165	0.017021308	0.1635	4.0	2077.421051502228
165	399.0718	74.86868	530.7063	278.2091	78.52	176.57285	86.56012	337.73718	-10.216025	332000	-6.169081e-09	1457.177	-0.0406683	-1134.5349	0.887958	0.015516957	0.2475	5.0	2090.037440061569
166	438.06412	93.764915	668.6435	306.06622	86.73913	163.61508	79.68277	316.80695	-3.215293	334000	2.592802e-09	2015.2174	-0.04156677	-1515.0598	0.8875573	0.018348191	0.3215	5.0	2102.660840511322
167	409.6792	116.626625	724.6958	270.87985	79.75	178.8745	82.580025	322.03818	-0.6015959	336000	5.6564808e-08	1756.1332	-0.03897987	-1200.7393	0.88715017	0.016410202	0.261	4.0	2115.3548171520233
168	408.56406	66.45461	588.9075	288.0896	78.84	175.76361	84.39061	310.83655	5.083862	338000	-6.6757204e-09	1211.8191	-0.033025946	-909.8244	0.88691413	0.018124297	0.219	4.0	2127.8592643737793
169	395.00015	93.30499	758.0643	252.65962	76.30769	164.3211	81.4276	303.47424	0.09701252	340000	-4.732609e-08	1465.5975	-0.033328254	-1029.7944	0.8867925	0.019524395	0.27	4.0	2140.4010379314423
170	396.54053	79.0095	588.0109	275.02243	76.65385	166.22804	80.07866	311.9348	-15.310147	342000	-5.313754e-08	1344.0247	-0.034794476	-1040.1423	0.8866809	0.019714428	0.305	5.0	2153.293011903763
171	398.2491	74.63319	577.3731	293.16876	76.56	166.14534	81.18457	329.75668	-7.7026186	344000	-1.809001e-08	1142.624	-0.034914676	-816.8841	0.88650215	0.021458128	0.23	4.0	2165.968868970871
172	390.08456	62.078094	538.16974	298.22348	76.8	167.41972	82.026405	311.1749	-0.624156	346000	1.8119811e-08	1211.5172	-0.029661333	-866.82263	0.8863473	0.017795337	0.2195	4.0	2178.2570798397064
173	425.29517	97.862366	676.9395	271.31784	84.565216	168.66315	78.50825	301.07666	-7.5896935	348000	1.3291836e-08	1574.8486	-0.03325209	-1051.9226	0.8862048	0.01864877	0.2025	4.0	2190.697276353836
174	416.58804	82.46544	670.3877	259.6345	81.625	167.31215	82.54116	317.3987	-21.163631	350000	-1.3411045e-08	1419.028	-0.04248371	-1035.0873	0.88600636	0.01592646	0.2285	5.0	2203.4347319602966
175	501.6101	180.09767	1025.8114	243.5303	99.45	185.01083	80.19107	318.25827	-15.520766	352000	4.1127204e-09	3642.3909	-0.05587284	-2674.1892	0.8856715	0.016459355	0.3435	7.0	2215.8450212478638
176	418.9884	78.246475	554.4549	251.84048	83.565216	178.41203	96.24608	339.72745	-14.096858	354000	3.568828e-08	1802.45	-0.03773558	-1529.679	0.88529885	0.016692357	0.2765	5.0	2228.3970489501953
177	387.78845	79.20749	608.49567	203.87411	75.30769	174.0501	81.870544	320.8206	1.8437152	356000	4.3086708e-08	1352.243	-0.041219804	-925.0706	0.8851609	0.01910168	0.2515	5.0	2240.921066761017
178	408.77188	64.39262	537.33777	300.01965	81.125	168.54764	82.16973	308.93094	-22.063992	358000	3.671646e-08	997.12317	-0.03278984	-737.30896	0.88499206	0.017889353	0.1645	4.0	2253.445106267929
179	408.2085	91.87474	594.382	217.14977	80.666664	158.29764	82.14353	308.08994	-10.377307	360000	-7.450581e-09	1550.0375	-0.0320959	-1155.3088	0.8848403	0.021026978	0.2385	4.0	2265.9930951595306
180	439.38718	131.41049	884.0685	235.44736	85.608696	181.18007	78.50197	310.94778	4.3476825	362000	-5.2452087e-09	2487.317	-0.033269804	-1941.8628	0.8845873	0.017112335	0.235	4.0	2278.6283655166626
181	405.46277	114.9564	674.54175	196.84065	79.64	176.02837	90.70629	339.27502	-11.191216	364000	4.3809414e-09	2144.789	-0.028747637	-1534.7003	0.8841567	0.015058161	0.193	4.0	2291.401123046875
182	420.13394	109.01519	659.9259	235.41428	83.208336	165.90157	81.14033	329.4445	-25.810963	366000	-3.4868717e-09	2204.9553	-0.03352559	-1683.9941	0.8839104	0.017203752	0.2075	4.0	2303.9850809574127
183	414.26776	91.379135	615.563	293.17383	81.565216	170.49413	84.35016	322.37454	0.40969944	368000	4.924834e-08	1502.8798	-0.044477534	-1136.6987	0.883818	0.018235886	0.3265	6.0	2316.7272107601166
184	413.98996	88.70354	647.51416	263.30222	81.791664	171.79515	84.32549	325.78076	6.201436	370000	-2.0243228e-08	1223.3092	-0.035768192	-899.99817	0.8837886	0.016874075	0.2605	5.0	2329.6810977458954
185	397.95242	82.400154	657.3405	298.31702	77.56	175.75441	84.07393	313.34625	1.7541709	372000	-8.761883e-09	1387.6893	-0.045296945	-985.38086	0.8838078	0.015663527	0.284	6.0	2342.0730304718018
186	400.5292	88.96012	709.4498	279.25287	77.68	164.4365	83.14627	320.0686	-13.990627	374000	1.5974045e-08	1118.9667	-0.041843776	-757.1438	0.88378316	0.016610993	0.304	5.0	2354.765023469925
187	397.8936	66.87541	538.4759	259.1443	78.08	170.20306	80.963356	321.2611	-9.952948	376000	-6.347895e-08	1016.6828	-0.030996047	-744.79456	0.8836056	0.018789165	0.261	4.0	2367.6173593997955
188	403.77185	80.36611	627.74493	269.74277	79.28	161.86855	81.54327	314.33472	-6.811259	378000	-2.05487e-08	983.9939	-0.033759877	-708.58594	0.8833206	0.015421482	0.2095	4.0	2380.866449356079
189	386.1885	81.06001	527.8128	220.40764	76.68	168.39444	80.742096	314.3651	-1.0401769	380000	2.3037195e-08	1176.1295	-0.038092956	-807.9984	0.88307875	0.016756764	0.2865	5.0	2393.4530391693115
190	402.67163	80.650635	572.3693	257.79385	82.333336	168.26488	81.41621	305.28992	-2.2802825	382000	-2.2053719e-08	1317.2145	-0.039424177	-924.65796	0.88271236	0.020359462	0.295	5.0	2406.3531243801117
191	428.4246	101.49605	695.71936	313.14008	84.82609	164.16582	80.85258	307.68564	0.886827	384000	-2.3841857e-09	1468.7026	-0.030123109	-1082.5293	0.8825424	0.015794393	0.251	4.0	2419.243156671524
192	427.29016	79.97505	604.70557	311.55017	82.86957	178.04285	82.86571	314.31757	5.8889046	386000	4.8156828e-08	1457.9734	-0.03675699	-1027.418	0.8824734	0.018392295	0.241	5.0	2433.106952905655
193	394.9279	104.63657	704.67365	266.2814	77.92	172.55865	86.14111	318.80313	-9.458267	388000	-2.9474498e-08	1670.4716	-0.0319449	-1260.0045	0.8824396	0.018735781	0.2385	4.0	2446.9245715141296
194	442.93088	112.805725	667.6704	240.21542	87.63636	182.23056	83.40344	326.41574	-15.581549	390000	-4.4703485e-09	1980.4081	-0.026318908	-1435.4927	0.88233906	0.016219987	0.2685	4.0	2459.545063018799
195	410.2461	78.18068	632.51276	291.2103	80.208336	177.78703	88.154625	328.84854	-15.276695	392000	-6.043166e-08	1109.3169	-0.04867712	-778.3007	0.8821541	0.01765377	0.301	6.0	2469.124965429306
196	451.83493	105.312256	748.8662	310.12012	89.181816	175.25444	82.09494	318.46313	6.2150393	394000	-8.419156e-09	1654.7056	-0.04950428	-1172.3652	0.8816128	0.017162098	0.3535	7.0	2478.625064134598
197	456.38843	91.54697	644.405	344.35928	90.90476	178.85231	88.19747	325.1182	9.361573	396000	1.5348196e-08	1505.525	-0.047049463	-1167.4277	0.88112825	0.019628407	0.3095	6.0	2488.1331322193146
198	418.13474	98.58613	710.18835	260.88098	83.304344	181.01991	89.51357	330.89044	1.665206	398000	2.6881695e-08	1797.2933	-0.0253717	-1354.091	0.8809243	0.01594919	0.2425	4.0	2497.7852323055267
199	395.7594	98.44235	735.514	205.6278	77.4	172.6604	82.77414	315.42007	-8.956741	400000	3.4570693e-09	1465.2384	-0.024934307	-981.02673	0.88086456	0.017500617	0.1825	3.0	2507.6730501651764
200	448.86142	91.54842	638.83905	271.36966	88.5	175.95102	82.45744	314.0065	-15.5443945	402000	1.0430813e-08	1445.052	-0.03647822	-992.90546	0.88080424	0.016301684	0.331	5.0	2520.05317735672
201	440.61987	103.682915	740.4713	280.09058	86.521736	175.64023	82.86539	309.06125	5.0683217	404000	-3.9935113e-09	1303.2742	-0.031277847	-883.777	0.8806349	0.015213865	0.233	4.0	2532.9730820655823
202	417.06985	70.861084	551.6178	310.13226	82.78261	178.25797	86.545135	325.08057	-37.30496	406000	2.3424626e-08	1375.1869	-0.03345214	-983.2698	0.8805285	0.016029697	0.2605	5.0	2545.759345293045
203	453.23123	108.068436	633.45184	274.11975	89.954544	170.05257	84.34904	315.8678	-12.223154	408000	1.4483929e-08	1738.891	-0.051185638	-1226.9612	0.880404	0.016244184	0.3385	7.0	2558.640949487686
204	426.4479	79.82575	636.4471	299.92526	83.333336	178.06606	86.657646	320.0935	-4.0623326	410000	-1.602061e-08	1225.4532	-0.04040062	-905.77014	0.8803655	0.017487109	0.327	5.0	2571.5670981407166
205	433.46933	101.368675	706.13184	282.76617	85.78261	178.30798	81.77868	325.49606	-1.9107618	412000	3.159046e-08	1458.1931	-0.050435934	-966.18677	0.8803462	0.016512852	0.332	7.0	2584.37694644928
206	475.41434	101.73251	660.05176	322.98764	93.0	181.35616	80.77556	320.15854	9.512339	414000	3.4809112e-08	1822.2131	-0.03436951	-1291.8134	0.88039035	0.016025824	0.1995	4.0	2597.1687562465668
207	445.4771	129.41685	921.2635	235.48831	86.86957	188.2275	90.32498	335.51343	-0.6792903	416000	5.428493e-08	1835.2218	-0.029610587	-1160.7346	0.8803955	0.01912309	0.2635	4.0	2608.2251386642456
208	408.00916	71.6031	597.24896	287.03156	79.96	170.48372	87.245415	324.03052	-29.360954	418000	-1.29304825e-08	1269.095	-0.027000198	-1016.7799	0.88038796	0.0215811	0.2665	4.0	2617.619684457779
209	404.84717	70.42377	594.2362	220.19746	81.625	167.59009	84.31411	320.07858	-9.131166	420000	2.7671456e-08	1081.7418	-0.022340769	-778.2772	0.8803809	0.015383229	0.1675	3.0	2627.015132665634
210	436.24185	74.8067	592.8881	314.90024	84.82609	169.49684	78.48315	305.79877	2.4350433	422000	-1.2170058e-08	1113.4735	-0.03186222	-811.53204	0.8803276	0.016757967	0.194	4.0	2636.654642343521
211	463.49432	107.232	781.83887	337.228	90.5	182.11456	84.156494	327.276	0.37068605	424000	-5.123019e-08	1320.3427	-0.033279885	-901.0039	0.880204	0.021586983	0.2485	4.0	2646.004796266556
212	486.45233	123.57728	797.45135	328.00192	97.65	184.56075	92.29417	326.68344	-9.942447	426000	5.9127807e-08	2612.4673	-0.03052027	-2047.6475	0.8800257	0.018080914	0.248	4.0	2655.4462220668793
213	465.6655	88.68522	644.3971	314.77478	92.28571	180.84354	87.91621	350.01617	-2.2483487	428000	-1.8194317e-08	1454.7592	-0.029121058	-1023.80115	0.87987596	0.016899865	0.233	4.0	2665.1010477542877
214	465.96762	127.40169	912.95905	344.20395	93.38095	179.14601	89.39378	323.49557	-23.051548	430000	-5.2630902e-08	2194.5789	-0.025886673	-1544.052	0.879769	0.022302253	0.288	4.0	2674.5531644821167
215	483.11102	114.75448	823.63	327.844	95.7	182.74597	87.343124	326.2556	4.932765	432000	-2.0399689e-08	1658.2047	-0.031974383	-1201.9934	0.87966204	0.021535233	0.2485	4.0	2684.0011320114136
216	444.2367	106.99408	813.5748	274.4428	88.045456	186.55952	91.552925	342.3418	1.1671071	434000	3.838539e-08	1761.3744	-0.037181668	-1272.3623	0.87951255	0.017213672	0.298	5.0	2693.6054792404175
217	464.21725	122.45127	796.6592	304.71783	94.09524	183.15913	86.995476	340.3318	-8.029913	436000	1.990795e-08	2320.9644	-0.043121636	-1722.8197	0.8793861	0.01937761	0.2875	5.0	2703.071205854416
218	470.44254	85.92327	641.3432	320.38583	96.1	184.63359	88.65691	341.87482	-5.5010595	438000	2.810359e-08	1561.211	-0.030819459	-1160.6367	0.8792952	0.015792165	0.26	4.0	2712.459125995636
219	467.81146	131.63493	916.8081	298.9608	95.25	177.11606	89.42705	343.71716	-19.771614	440000	4.3824315e-08	1902.0519	-0.04261062	-1326.4951	0.87925583	0.020446595	0.3235	5.0	2721.9546818733215
220	433.99805	87.317924	594.6558	264.8726	87.545456	181.07735	86.30147	342.44965	-7.3168683	442000	2.1100044e-08	1381.8475	-0.032618675	-1014.3218	0.87921965	0.018827565	0.1955	4.0	2731.76433134079
221	435.67804	80.18534	620.1943	322.9503	87.13636	184.67679	88.94863	326.72226	1.6795111	444000	-1.1578202e-08	1302.7811	-0.034354985	-944.7743	0.8792437	0.01937148	0.2835	5.0	2741.3208203315735
222	413.54288	89.260666	627.9672	253.95796	82.75	164.36938	86.14922	323.462	-7.489428	446000	4.877709e-08	1274.7501	-0.04260381	-896.2714	0.8794191	0.018614227	0.281	5.0	2750.7489910125732
223	408.8483	91.42792	629.0917	219.68275	82.166664	171.437	83.78815	308.65335	-11.629515	448000	6.404519e-08	1198.3336	-0.052391574	-808.1383	0.8795596	0.016252648	0.348	7.0	2760.2688393592834
224	474.095	98.836494	765.18945	350.24167	93.61905	170.67647	78.622345	306.30716	-17.912828	450000	5.6028366e-08	1555.9028	-0.03440523	-1130.0298	0.87974405	0.01788387	0.1865	4.0	2769.7927272319794
225	459.0578	115.823044	717.30695	297.8531	91.809525	188.6253	89.135	346.53848	2.7446532	452000	-4.2520462e-08	1506.7283	-0.048508137	-1124.8381	0.8797938	0.018203372	0.3345	6.0	2779.323115348816
226	472.78802	151.26886	991.2168	283.29736	92.2381	177.68553	86.66538	343.4728	-4.7011867	454000	6.520748e-08	2770.0066	-0.04643836	-1992.8872	0.8799959	0.01661118	0.3335	6.0	2788.795646429062
227	458.05582	94.401855	718.0511	320.5671	90.333336	193.44653	92.73859	349.10245	-24.09414	456000	2.6583672e-08	1540.4697	-0.03845744	-1111.7897	0.88031036	0.015594128	0.322	5.0	2798.4810478687286
228	458.85504	116.07636	797.5508	344.42743	92.57143	182.80072	90.03847	342.59348	-11.980682	458000	8.9526175e-08	1703.8964	-0.040236916	-1274.2308	0.88043755	0.019957645	0.2415	5.0	2808.0770773887634
229	442.59735	103.15392	679.81714	260.9244	87.40909	185.14484	90.08179	360.4443	-7.6058083	460000	-2.9280782e-08	1301.721	-0.034435607	-953.6014	0.8805336	0.015365601	0.2	4.0	2817.625037908554
230	439.7	106.73134	798.01276	287.06583	88.818184	179.39256	88.45935	344.26566	-25.647549	462000	-1.1183322e-08	1654.4614	-0.030023709	-1110.5658	0.8806141	0.01832284	0.215	4.0	2827.3130600452423
231	414.08994	106.46191	672.5288	255.0882	82.375	170.28969	84.99847	328.81784	-6.8708825	464000	-6.556511e-10	1681.311	-0.04211916	-1203.7479	0.8806411	0.016981695	0.29	5.0	2837.1205315589905
232	410.1473	91.31122	591.41876	224.48686	81.125	171.01784	87.372635	323.0382	-0.75161076	466000	7.1376562e-09	1336.0172	-0.04361142	-1015.00977	0.88054687	0.015414341	0.3825	6.0	2846.748951435089
233	449.24045	84.28461	700.9926	331.6332	86.86957	177.5933	80.67655	323.1537	12.726379	468000	1.9013882e-08	1062.5428	-0.027838672	-766.48145	0.8803632	0.017746711	0.175	3.0	2856.633379459381
234	404.10608	75.6123	620.13446	242.68715	79.68	174.12117	85.47088	327.09845	-4.1976843	470000	-8.568168e-10	989.39746	-0.025563445	-701.7843	0.88021296	0.017418591	0.1925	4.0	2866.3416047096252
235	457.91296	104.03117	674.1556	321.43295	90.90909	176.62082	83.696724	314.22223	-9.568054	472000	-4.0829182e-08	1151.8182	-0.03074255	-864.85114	0.88006693	0.015765853	0.175	4.0	2875.47212433815
