Epoch	AverageEpRet	StdEpRet	MaxEpRet	MinEpRet	EpLen	AverageVVals	StdVVals	MaxVVals	MinVVals	TotalEnvInteracts	LossPi	LossV	DeltaLossPi	DeltaLossV	Entropy	KL	ClipFrac	StopIter	Time
0	-106.86851	170.07417	-6.0716953	-608.1648	191.9	-0.027107125	0.15692142	0.43068504	-0.4749673	2000	1.990795e-08	2124.9016	-0.024765283	-633.9249	0.9189432	0.019453835	0.1865	5.0	2.5554676055908203
1	-180.10228	192.36281	-19.031622	-601.4737	266.16666	-9.2557535	0.32667994	-6.966812	-9.559097	4000	-1.1307001e-07	2095.819	-0.020231418	-529.2998	0.91819006	0.015498119	0.227	8.0	4.923138856887817
2	-191.40878	222.24171	-27.974417	-631.86926	275.2	-16.323706	0.088009454	-15.241874	-16.376348	6000	2.8073787e-08	1560.8563	-0.017665165	-365.4513	0.9163994	0.01635836	0.179	9.0	7.34461522102356
3	-55.86651	35.400417	1.2572552	-112.349365	91.125	-21.90269	0.05463961	-21.149363	-21.91987	8000	6.0349703e-09	510.2083	-0.069939196	-35.962738	0.9140703	0.012663252	0.2765	79.0	10.10174560546875
4	-74.68518	131.2726	-0.8948067	-518.01074	130.84616	-23.876411	0.25207922	-13.956453	-23.918324	10000	1.1146069e-08	558.22296	-0.021029763	-63.89026	0.8978815	0.018961327	0.2315	8.0	12.471832275390625
5	-214.83069	240.70605	-19.602348	-553.9475	364.0	-26.292418	0.8823695	6.6127496	-26.36218	12000	-1.0460615e-07	962.1623	-0.019123344	-253.65778	0.8966001	0.017747357	0.2525	7.0	14.887690782546997
6	-86.88434	142.37793	17.041588	-529.0489	157.33333	-31.34283	0.7601758	0.45193678	-31.38176	14000	2.4758279e-08	513.7862	-0.01929429	-41.68466	0.8947282	0.016173104	0.224	6.0	17.611858129501343
7	-92.41067	141.01517	4.8271565	-538.87335	165.58333	-32.87723	3.541355	27.134249	-33.383278	16000	-7.674098e-10	390.27078	-0.014978664	-36.04538	0.8931642	0.01657415	0.227	8.0	19.966957569122314
8	-76.99779	131.18977	0.5538009	-484.78247	164.63637	-34.351257	3.2303405	32.18202	-34.857872	18000	-8.255244e-09	292.55386	-0.017763859	-21.82486	0.8912914	0.016125875	0.2075	8.0	22.735790014266968
9	-93.92722	127.68719	2.9547634	-477.49026	177.54546	-34.27674	4.6522703	29.22084	-35.24723	20000	-1.9080938e-08	315.32504	-0.017569227	-43.438263	0.8897132	0.017712219	0.232	8.0	25.12289261817932
10	-72.151726	124.70506	-3.332892	-527.00653	132.46666	-32.277397	8.124432	33.22095	-35.343613	22000	5.841255e-09	423.5046	-0.022323968	-57.3768	0.8885305	0.01746915	0.2465	8.0	28.433952569961548
11	-66.90299	127.11222	0.9028267	-484.88147	148.75	-30.578785	9.288939	27.931818	-35.721436	24000	-7.2717667e-09	277.84015	-0.019791076	-103.58539	0.88720375	0.015088066	0.24	9.0	33.0830512046814
12	-75.1476	144.42207	13.293209	-549.7966	148.92308	-24.982752	8.76667	2.7803073	-36.22796	26000	1.1920929e-08	623.8078	-0.06883694	-158.49301	0.8857857	0.013811182	0.288	79.0	38.23519563674927
13	-66.05407	88.739456	1.7167053	-335.18185	124.78571	-31.412745	8.347968	32.519077	-37.556957	28000	1.7285346e-08	659.03723	-0.020178722	-180.31577	0.8767338	0.015623823	0.2135	7.0	43.183037519454956
14	-64.35711	113.49048	0.7014387	-414.437	172.72728	-27.885494	11.825382	32.22781	-37.947063	30000	6.7465007e-09	322.84964	-0.018147182	-128.14035	0.8762738	0.016148992	0.2725	8.0	48.33107256889343
15	-69.5946	120.00414	-3.4203613	-408.9139	170.3	-27.792118	9.099465	-4.528956	-38.725178	32000	-3.065914e-09	313.34805	-0.022051675	-124.73178	0.8756212	0.01709016	0.2905	8.0	55.39064598083496
16	-55.697388	111.59273	4.646112	-449.78717	135.85715	-29.247892	11.007373	12.170355	-39.556	34000	-1.5556813e-08	231.70241	-0.019333055	-109.923904	0.8750671	0.01737638	0.2405	8.0	62.97976469993591
17	-150.26991	171.46268	-25.943779	-445.96463	331.75	-34.34132	11.284574	22.42021	-40.69394	36000	-9.521842e-09	148.82838	-0.017939696	-87.9803	0.8738714	0.016897026	0.223	7.0	71.29572129249573
18	-39.4128	42.50855	27.023422	-126.27667	132.4	-30.396496	7.045126	10.070663	-42.395096	38000	-5.723536e-08	439.16415	-0.01909687	-238.59122	0.8722312	0.015103518	0.196	6.0	80.85157799720764
19	-98.0685	167.08867	9.5169735	-431.22614	224.2	-33.279293	8.705821	-6.677945	-42.27928	40000	1.2330711e-08	208.20604	-0.013038823	-131.87009	0.87092143	0.018030826	0.181	6.0	90.8635516166687
20	-84.21073	118.00907	10.309483	-422.76712	173.72728	-35.676624	9.24852	-1.3821914	-42.866913	42000	-1.28299e-08	358.95197	-0.023710895	-96.489746	0.8695632	0.016140012	0.325	10.0	100.5097713470459
21	-31.015284	33.5171	21.35357	-83.57227	71.789474	-31.615217	10.421146	-0.44295537	-42.806606	44000	-2.194196e-08	344.5214	-0.023477616	-123.4147	0.8667594	0.01660399	0.2675	8.0	110.19144487380981
22	-48.591015	37.67073	-0.22957082	-133.23152	84.0	-29.602665	12.674263	11.059583	-43.235966	46000	-3.8444994e-09	240.82854	-0.018227994	-87.69435	0.8642003	0.015085946	0.2385	10.0	120.08342576026917
23	-141.4847	156.11302	-14.170972	-405.55072	327.75	-36.332077	8.739587	10.995398	-43.20786	48000	-8.404255e-09	89.76092	-0.02156579	-36.27763	0.86142635	0.015814777	0.2105	7.0	130.06725668907166
24	-59.123177	135.3604	4.5034447	-463.94922	137.1	-38.2813	6.994731	-1.7069724	-42.882008	50000	2.348423e-08	326.59134	-0.015302558	-99.9698	0.85940695	0.016297225	0.233	7.0	140.05576848983765
25	-44.78808	99.42753	34.792755	-402.01556	132.4	-33.65693	11.928867	19.142796	-44.106014	52000	5.731359e-09	283.76376	-0.019460855	-168.6817	0.8574487	0.018584415	0.152	6.0	150.02744126319885
26	-50.943455	101.65278	0.055637334	-416.7606	125.86667	-27.343866	13.733226	18.546309	-43.63783	54000	-1.3619661e-08	181.14294	-0.015257893	-73.38029	0.8560616	0.0153592825	0.162	6.0	160.0235903263092
27	-39.86732	101.26681	13.530542	-464.07065	97.57895	-26.13377	14.633176	9.891946	-43.999157	56000	2.2500752e-09	222.57967	-0.01820987	-86.68477	0.854883	0.01816734	0.247	8.0	169.9817636013031
28	-59.750835	99.96432	1.6898915	-349.35992	174.4	-25.69674	16.559698	24.873095	-45.169846	58000	-3.196299e-09	210.96545	-0.021249518	-110.33991	0.8529605	0.017529098	0.2265	9.0	179.72342824935913
29	-96.88866	121.467255	-6.61138	-372.52646	189.0	-26.629446	14.050852	22.315897	-44.87118	60000	-1.4126301e-08	675.03394	-0.014396598	-280.58148	0.85070646	0.016573938	0.145	6.0	189.4015929698944
30	-19.6413	24.447737	18.003178	-87.30564	62.307693	-27.465761	10.380535	29.891703	-44.88378	62000	1.9103288e-08	423.28012	-0.01886224	-273.40643	0.8495954	0.015875557	0.2585	8.0	199.3597412109375
31	-51.68748	100.827255	16.169376	-403.0499	132.71428	-20.564672	11.501072	11.996264	-43.997677	64000	2.783537e-08	331.8305	-0.019847695	-169.18591	0.84798425	0.015857713	0.1955	8.0	209.33149600028992
32	-44.26926	102.35806	45.29216	-437.30423	115.76471	-26.974783	13.023147	14.810778	-44.128197	66000	-1.7464162e-08	240.7655	-0.01650435	-84.916565	0.84603626	0.01551	0.177	7.0	219.1914722919464
33	-50.81151	94.68307	12.294019	-391.45374	131.4	-25.375475	16.659885	24.412338	-44.282322	68000	-8.1956386e-10	246.51218	-0.019632911	-106.43791	0.8442194	0.017666627	0.1745	7.0	228.91576027870178
34	-46.00278	88.993904	1.3994477	-382.31082	122.4375	-23.637941	13.774553	13.386311	-43.891598	70000	-3.4272671e-09	196.90054	-0.017126085	-97.016525	0.842554	0.015384194	0.18	7.0	239.15551090240479
35	-34.557644	42.6701	8.586312	-168.51474	99.05	-16.439024	7.848061	10.707647	-43.189777	72000	-9.998679e-09	593.12256	-0.021545708	-310.75198	0.8408248	0.015802462	0.278	8.0	248.9220416545868
36	-50.486813	92.95654	7.7097783	-376.19153	124.8125	-24.137543	10.722313	14.29567	-44.09191	74000	-1.218915e-08	283.9777	-0.015531409	-122.90576	0.8395377	0.016282318	0.2155	8.0	258.6635663509369
37	-49.99115	109.80653	9.422221	-419.73328	151.3077	-27.240963	11.510107	26.219418	-43.92618	76000	-3.7923455e-09	276.8831	-0.021025397	-114.96347	0.8384541	0.017521426	0.1995	8.0	268.4495189189911
38	-47.25452	106.30631	15.837614	-379.63434	150.27272	-27.691765	12.635062	10.59335	-43.08434	78000	-1.45286325e-08	212.27513	-0.016834617	-78.17993	0.83705485	0.015417111	0.1815	7.0	278.2076168060303
39	-20.817984	27.090675	17.025196	-100.918274	78.10526	-16.63241	12.62114	7.8476725	-41.599483	80000	-7.152557e-09	261.3097	-0.015603203	-82.624725	0.8358841	0.015674861	0.141	6.0	288.3917272090912
40	-38.15198	87.28231	8.996268	-359.5844	122.8125	-21.846594	14.277602	9.832086	-41.25975	82000	-4.166737e-09	181.21222	-0.014474049	-56.450943	0.8347101	0.015602112	0.1995	7.0	298.27547121047974
41	-57.88646	113.26818	15.803202	-438.8755	149.6923	-23.512548	12.070739	7.5741715	-40.145924	84000	-2.6077032e-08	198.77704	-0.018543977	-88.62614	0.83281946	0.016291477	0.2315	8.0	308.39795994758606
42	-25.169828	32.439445	5.222698	-110.67708	87.69231	-26.722342	11.683629	7.7383585	-42.580486	86000	1.1250377e-08	276.86276	-0.018560212	-95.381714	0.8307705	0.01632945	0.23	8.0	318.1511836051941
43	-31.19835	88.56167	46.21427	-371.68457	107.166664	-25.097212	10.895018	15.84444	-41.072998	88000	1.7628073e-08	265.98566	-0.020909805	-125.01878	0.82911015	0.018217437	0.1935	7.0	328.16313886642456
44	-77.30501	119.2542	15.820758	-379.5605	203.125	-28.203382	14.387312	13.97896	-43.63153	90000	3.5889446e-08	173.87662	-0.012377194	-88.737946	0.8275836	0.016069103	0.15	6.0	338.11538457870483
45	-40.313187	89.29159	2.5380883	-422.9765	99.15	-29.44448	10.650534	5.378699	-43.61193	92000	1.0377727e-08	212.84584	-0.024489112	-83.094955	0.8264742	0.016278159	0.3105	11.0	347.86011385917664
46	-35.51184	62.04774	14.417191	-282.88693	97.95	-25.055279	13.053927	10.540127	-42.931602	94000	2.7120113e-09	186.81482	-0.021109065	-59.21077	0.82487285	0.017533362	0.2435	8.0	357.63914227485657
47	-40.33185	110.65908	55.193314	-474.1516	111.411766	-23.14944	13.270545	11.280678	-41.871784	96000	1.5944243e-08	317.60898	-0.017063828	-130.07843	0.8239829	0.018300803	0.2205	8.0	367.37542486190796
48	-13.5856	27.140694	21.783989	-77.936386	65.9	-16.595812	11.4858	20.961077	-45.987835	98000	1.6972423e-08	356.42255	-0.017674942	-177.85623	0.8224991	0.015813664	0.2015	9.0	376.94349932670593
49	-41.614544	66.427	5.2510386	-267.62103	141.5	-21.663914	14.45393	10.755463	-44.967205	100000	-1.6033649e-08	174.386	-0.021136345	-93.29993	0.8202464	0.017088413	0.202	8.0	386.77119302749634
50	-20.008564	26.839231	19.868996	-100.10733	83.78571	-17.64852	13.685336	24.525942	-43.347538	102000	1.7136336e-09	195.24109	-0.019622056	-63.302673	0.8183501	0.018048147	0.2745	9.0	396.6198580265045
51	-37.628246	84.927025	19.833254	-336.05704	112.92857	-22.718004	12.885189	24.721163	-42.413147	104000	-5.0514934e-09	162.8542	-0.02057535	-73.16563	0.81645304	0.01632385	0.2575	10.0	406.48680567741394
52	-48.92455	104.70176	17.524132	-336.4725	157.75	-23.12784	14.033095	17.533548	-42.70433	106000	-2.5752932e-08	465.7083	-0.02179212	-208.94434	0.8139221	0.016457777	0.2895	11.0	416.2115566730499
53	-32.06662	72.47387	28.389662	-284.79947	123.5	-26.146996	12.381537	15.580755	-42.583076	108000	-1.2047589e-08	265.3565	-0.019811967	-119.32976	0.81221074	0.016395438	0.2145	9.0	425.5420136451721
54	-28.833782	73.39428	20.474693	-300.62097	122.9375	-20.030983	11.89927	10.303646	-38.930336	110000	8.106232e-09	189.79565	-0.020214163	-58.49193	0.8106321	0.0160049	0.198	8.0	435.531409740448
55	-33.104256	72.99212	27.069824	-266.60034	149.61539	-19.131895	12.398761	9.172944	-40.267258	112000	1.20997425e-08	220.4983	-0.018542126	-66.43794	0.80942535	0.019068856	0.226	8.0	445.319198846817
56	-55.34435	104.64708	45.92049	-346.52335	188.1	-21.802395	13.90282	11.24532	-40.408928	114000	8.5830685e-09	265.34836	-0.016104832	-96.97243	0.8080464	0.015620261	0.1485	6.0	455.4753587245941
57	-35.763527	58.22377	21.86836	-232.76305	142.42857	-22.640945	10.259662	11.147198	-40.994247	116000	-2.9176473e-08	169.95905	-0.014179958	-81.502335	0.806408	0.015340488	0.1625	7.0	465.45546317100525
58	-27.177969	85.191734	97.22692	-250.7375	180.3	-19.47238	12.290288	16.384176	-38.891922	118000	-2.1539629e-08	265.0122	-0.018484281	-90.72865	0.8045571	0.015377588	0.2075	8.0	475.43365693092346
59	-37.03703	78.40931	13.660423	-280.8305	156.83333	-17.445513	13.000519	14.05427	-36.391895	120000	2.2013817e-08	184.75398	-0.017615216	-81.15521	0.8029584	0.015957268	0.2805	10.0	485.51147198677063
60	-34.15388	74.82061	11.773083	-304.3308	121.625	-17.953909	11.053763	11.64458	-35.066555	122000	4.1425228e-09	235.7433	-0.018065935	-80.52458	0.80096	0.01578232	0.2185	10.0	495.32335472106934
61	-22.716515	79.391785	21.70273	-293.53134	151.0	-20.396597	9.130012	11.1015	-37.481483	124000	1.6212464e-08	291.4621	-0.020929947	-137.29079	0.79897535	0.015247236	0.194	7.0	505.3275921344757
62	-35.52099	79.76228	14.228745	-329.6171	109.882355	-14.195801	9.765682	9.945741	-32.329586	126000	1.9371509e-08	360.3464	-0.01632334	-158.10686	0.7974599	0.017205795	0.176	8.0	515.3074822425842
63	-34.924484	94.70252	17.93417	-356.2082	148.3077	-19.182676	11.734574	12.057606	-38.01897	128000	-1.1354685e-08	219.32199	-0.017573325	-96.771416	0.79504997	0.0154918	0.2055	7.0	524.9688234329224
64	-11.653576	33.61553	37.670864	-93.00971	91.72222	-12.551957	12.9855	19.205452	-38.222958	130000	-5.252659e-09	390.64053	-0.018338118	-184.12794	0.7931311	0.015598579	0.2425	9.0	534.7559583187103
65	-6.717765	30.646711	50.344112	-73.62512	89.7	-4.2343974	7.7465944	20.31142	-33.18928	132000	1.1920929e-08	265.9124	-0.018973716	-72.55725	0.7909335	0.016037906	0.2005	8.0	544.6947600841522
66	-10.059214	26.334785	59.166195	-47.4326	77.28	-3.9628184	7.5212913	13.054945	-32.31813	134000	1.34408475e-08	265.45984	-0.015491913	-72.3114	0.7893619	0.0177226	0.171	7.0	554.3054900169373
67	-28.45865	81.32822	29.658895	-299.8592	149.15384	-14.066252	12.605776	21.548435	-34.68125	136000	1.0374934e-08	139.50085	-0.01858382	-46.765907	0.7882795	0.015628371	0.225	8.0	564.0795710086823
68	-63.393867	95.746056	36.991913	-241.15932	287.0	-20.530357	13.2362585	16.85303	-36.18638	138000	3.516674e-09	126.348366	-0.01660477	-47.51316	0.7867626	0.015771044	0.2075	8.0	573.7801086902618
69	-48.934235	75.462845	8.039033	-211.94844	242.5	-22.235027	9.335338	11.32502	-35.109035	140000	-1.7751008e-08	137.6979	-0.019056901	-53.24405	0.7846495	0.01652565	0.1835	7.0	583.9112627506256
70	-11.345571	47.036182	42.753845	-164.18517	132.4	-18.726952	7.2024703	8.860052	-32.31637	142000	2.5629998e-09	236.20451	-0.018150827	-145.12823	0.78274	0.01567447	0.241	10.0	593.6554939746857
71	-24.317892	64.725815	32.17785	-234.27205	138.85715	-10.955732	12.262251	14.808205	-31.615425	144000	-1.8671155e-08	216.13625	-0.021640452	-72.17886	0.7796462	0.018654905	0.2495	9.0	603.59872174263
72	-5.459174	27.35692	71.07637	-69.93123	65.82758	-5.8720646	7.703481	16.22499	-27.389662	146000	-9.989366e-09	263.06204	-0.016163507	-70.57623	0.77683884	0.01738978	0.1895	8.0	613.5597786903381
73	-39.38399	77.37879	20.001661	-250.3117	205.66667	-11.242557	10.308807	19.354773	-30.099728	148000	3.084168e-08	200.41333	-0.018721215	-73.89856	0.77502686	0.016509857	0.2005	7.0	623.061425447464
74	-22.927244	58.86423	38.888023	-169.47437	180.45454	-13.963069	7.973586	12.998549	-29.373919	150000	1.3887882e-08	195.53801	-0.016855003	-48.58882	0.7734546	0.016272876	0.146	6.0	632.9116549491882
75	-170.26863	1.6113129	-168.65732	-171.87994	1000.0	-22.776129	4.944694	10.236234	-31.915476	152000	-1.37388705e-08	41.439022	-0.01867068	-14.83931	0.7717111	0.017656622	0.171	8.0	642.9076507091522
76	-16.168144	48.134937	67.92784	-102.70956	191.5	-11.179065	9.8378525	12.238278	-29.080297	154000	-1.7039477e-08	241.42339	-0.014447735	-63.957596	0.7692157	0.017014923	0.203	7.0	652.9193685054779
77	-22.19021	56.74816	35.640884	-197.73625	155.33333	-9.732064	10.512333	23.1088	-28.991196	156000	2.3543835e-08	138.6273	-0.020318612	-55.949257	0.7673117	0.015365022	0.2295	9.0	663.5078136920929
78	-18.896885	60.34674	24.271332	-209.16449	147.76923	-13.877259	10.014508	9.29719	-28.508972	158000	-3.1620264e-08	109.97099	-0.018311594	-36.593483	0.76442665	0.016564071	0.206	9.0	673.0755362510681
79	-48.72946	73.25335	18.1176	-186.66364	258.8	-16.995457	8.156617	10.838644	-29.132687	160000	-5.101785e-09	79.264885	-0.018916257	-26.732048	0.76165557	0.015683215	0.1975	8.0	683.0435469150543
80	-44.847282	61.885044	7.4156504	-169.7242	213.55556	-13.340967	8.627926	12.363718	-26.141703	162000	-2.336502e-08	211.85765	-0.021455193	-74.85574	0.7593786	0.017744943	0.271	9.0	692.9595606327057
81	-14.121824	17.779596	21.033123	-42.664463	105.8	-15.346225	5.776828	6.983195	-27.537552	164000	1.809001e-08	169.22652	-0.015903909	-57.664307	0.75730443	0.017768249	0.187	7.0	703.6034927368164
82	-58.114178	72.3851	-3.538955	-160.40555	345.66666	-15.822383	3.402666	2.0436769	-25.130348	166000	-6.7427752e-09	64.914406	-0.022649907	-17.710484	0.7557194	0.01518047	0.2525	9.0	713.3568162918091
83	-19.517525	56.020256	38.63821	-226.13228	116.64706	-15.471694	3.9626234	0.86543584	-24.803535	168000	2.3171305e-09	165.27167	-0.026825009	-44.71608	0.7530023	0.016049515	0.3235	11.0	723.1874613761902
84	-58.300255	92.35842	2.0358617	-218.07231	266.25	-16.278143	3.5416129	5.3396044	-24.475521	170000	-1.4930963e-08	86.116714	-0.022752011	-35.000286	0.74981433	0.01636441	0.257	10.0	733.135103225708
85	-17.060898	44.673786	15.640251	-178.6952	114.05882	-18.200294	3.8639274	1.2263856	-27.56541	172000	1.3783574e-08	199.99635	-0.021998921	-124.3122	0.74655145	0.015023981	0.2905	10.0	742.9102294445038
86	-25.615398	57.77772	21.50896	-136.35252	276.6	-16.201775	8.320837	11.04148	-26.983875	174000	1.8388032e-08	88.984085	-0.028106414	-40.484074	0.743469	0.0157792	0.281	14.0	753.0915999412537
87	-46.07034	51.175083	22.166004	-129.30702	238.57143	-11.331223	6.7258058	8.4220085	-22.621557	176000	-5.170703e-09	150.13167	-0.023619825	-58.9765	0.73993075	0.015414906	0.3045	13.0	762.8281071186066
88	-23.007395	52.562897	20.154703	-145.31892	201.42857	-13.93385	4.0810213	7.9912796	-25.366547	178000	5.2787366e-09	114.73147	-0.022698622	-47.753944	0.7367837	0.018397765	0.2685	9.0	772.6635611057281
89	-21.638838	36.642456	30.925325	-72.6846	260.33334	-8.490392	5.6268125	12.912576	-24.053562	180000	3.205426e-08	87.72558	-0.015649112	-38.447464	0.7347604	0.016628738	0.1985	8.0	782.7874524593353
90	-11.394235	31.152662	18.995544	-99.26924	117.35294	-7.857465	3.7176201	5.9369025	-18.067812	182000	9.868294e-09	289.70233	-0.024042327	-119.44893	0.73289216	0.016050436	0.294	10.0	792.6633937358856
91	-12.24531	32.282974	29.275898	-81.94721	232.42857	-10.870071	8.944598	14.754243	-28.027828	184000	1.8820167e-08	233.8791	-0.021145377	-71.26402	0.7309272	0.018549442	0.222	7.0	802.3718616962433
92	-34.066746	45.67008	23.260721	-126.57509	252.83333	-11.522045	5.8930244	12.018329	-26.161234	186000	-6.539747e-09	127.29942	-0.016970146	-53.571777	0.72966635	0.016682254	0.2005	7.0	812.007928609848
93	-0.077577785	50.59859	50.31096	-138.9765	117.3	-7.5823317	4.6441116	8.229767	-20.607952	188000	-2.2463501e-08	354.80426	-0.018235726	-129.98206	0.72806716	0.018396648	0.28	8.0	821.9674384593964
94	7.9410872	25.236732	49.993126	-35.388393	162.58333	-4.0045924	9.675054	26.344524	-29.19379	190000	3.9190056e-09	217.46463	-0.017302494	-90.65716	0.72637707	0.01749033	0.201	8.0	831.8315188884735
95	-28.50247	66.2331	26.1403	-194.8974	233.125	-0.3812805	8.42491	21.5124	-24.943575	192000	7.644296e-09	304.70978	-0.01715866	-140.85428	0.7247147	0.015094688	0.2405	10.0	841.5712521076202
96	-29.032122	59.940475	30.908352	-88.972595	528.0	-11.539204	4.673748	10.126626	-26.225582	194000	-4.7162176e-09	77.528206	-0.021078782	-31.405811	0.7227639	0.015402584	0.223	9.0	851.6908850669861
97	13.231983	48.045635	53.919796	-126.26956	181.72728	-4.627671	6.7091975	17.057394	-21.09604	196000	9.834767e-09	163.81192	-0.018115059	-64.9234	0.7210116	0.017548874	0.162	7.0	861.035370349884
98	2.2083032	27.42244	53.91582	-52.31669	172.72728	-0.46015674	10.470538	23.936743	-24.747265	198000	1.37537715e-08	140.89755	-0.015824065	-60.407562	0.7197503	0.015949585	0.2465	9.0	870.8904116153717
99	8.249266	24.07462	53.435116	-46.611748	108.22222	-0.71136874	6.092678	15.086689	-21.915852	200000	2.3588537e-08	221.46043	-0.021982897	-80.68324	0.71820366	0.016221546	0.246	10.0	880.6866862773895
100	21.804897	31.991596	99.34622	-58.02017	122.0	3.7026312	6.378085	18.186317	-18.141533	202000	-3.197789e-08	281.42722	-0.01798078	-77.92438	0.7169055	0.01503579	0.1725	7.0	890.7526381015778
101	-4.424024	34.342552	72.45401	-52.31866	83.15385	3.4430306	9.420952	26.09332	-20.74791	204000	-1.2293458e-08	269.83908	-0.018437913	-100.516464	0.71598446	0.015562187	0.2395	9.0	900.3674585819244
102	-9.816683	67.21983	66.02602	-145.0541	237.83333	-4.7062497	7.162589	25.154161	-25.957647	206000	1.168251e-08	198.66321	-0.02179368	-61.928177	0.71427023	0.01698144	0.282	9.0	910.0694019794464
103	3.9263728	23.316444	49.39771	-37.78406	169.36363	-5.193919	8.087748	19.638226	-26.007504	208000	-5.4091216e-09	184.1802	-0.019081337	-73.249565	0.7125401	0.01700901	0.254	9.0	920.0873272418976
104	9.921884	17.890968	43.980526	-9.313879	202.5	-5.170783	6.549252	19.880642	-22.372498	210000	-6.6161157e-09	73.236694	-0.013592758	-17.324787	0.7107013	0.0155163715	0.129	7.0	930.2434985637665
105	-0.93975306	40.860504	57.057686	-128.26598	141.78572	-0.85277355	8.768827	24.005745	-27.746866	212000	2.0563602e-09	162.369	-0.020015175	-44.595238	0.7091487	0.015688017	0.266	11.0	940.199695110321
106	16.206104	23.334553	66.98135	-12.184202	90.89474	3.5942488	7.043805	21.7615	-23.886034	214000	-3.5613774e-09	298.3595	-0.021868104	-108.48059	0.7066188	0.015635127	0.264	13.0	949.7473883628845
107	-11.969022	47.30678	43.725468	-184.86852	96.8	-2.161521	9.52672	23.623661	-25.976974	216000	-2.3707747e-08	352.7886	-0.019197995	-159.82097	0.7033877	0.017553601	0.1845	9.0	959.4164502620697
108	3.5211601	40.63244	81.62212	-95.18622	180.90909	-13.754022	8.634404	25.363823	-32.300972	218000	2.5626273e-08	368.04785	-0.019953722	-216.89018	0.701114	0.01683165	0.241	10.0	969.3434975147247
109	5.474025	18.602793	34.730114	-43.816338	88.954544	6.720077	7.653671	27.336342	-25.6277	220000	-4.738569e-09	234.78297	-0.01755733	-108.50644	0.698995	0.016406694	0.203	8.0	978.9832632541656
110	6.6392727	27.48478	66.93136	-34.136597	152.0	-3.5942059	6.9465504	19.62919	-26.060467	222000	-3.7252902e-11	202.35934	-0.018768566	-71.19574	0.6976416	0.015291814	0.224	8.0	988.9517543315887
111	4.9633656	10.768775	28.127926	-15.077469	181.55556	-2.858422	8.223315	24.390574	-26.662994	224000	-2.6598572e-09	91.452225	-0.02025826	-45.855507	0.6961808	0.016208546	0.161	6.0	998.4779126644135
112	14.183753	34.990337	85.963264	-26.211523	228.33333	-5.4218936	4.591403	13.680184	-24.714952	226000	-3.7558376e-08	121.93337	-0.019209282	-57.44364	0.6949903	0.017285053	0.256	10.0	1008.4712619781494
113	-3.4906719	23.20652	38.972324	-55.231174	165.08333	0.19186701	8.429642	23.860266	-22.63153	228000	1.9073487e-09	180.80652	-0.018158177	-87.5475	0.69280225	0.015431095	0.235	9.0	1018.0352878570557
114	6.7175865	24.8669	39.72667	-56.809208	100.73684	-0.5406842	6.328208	19.609236	-23.643675	230000	-1.424551e-08	177.36345	-0.021751562	-56.81642	0.6907087	0.016492857	0.244	9.0	1028.1391780376434
115	4.7351065	37.75637	58.12115	-54.13201	279.42856	-3.1409814	5.398794	17.819206	-24.198845	232000	-4.053116e-09	143.78537	-0.021365866	-55.266052	0.6885409	0.015772246	0.1895	7.0	1037.9353296756744
116	0.32179973	25.999971	54.989212	-48.79593	86.809525	1.1627398	7.0652337	20.773514	-22.939047	234000	2.336502e-08	265.80557	-0.03152863	-89.20981	0.6868547	0.015093756	0.2715	20.0	1047.9436585903168
117	49.65092	138.21529	236.79237	-92.79473	547.3333	-2.34198	7.0232058	22.114935	-29.367405	236000	4.053116e-09	670.6192	-0.024111819	-354.65958	0.6841623	0.015571805	0.204	9.0	1057.6837012767792
118	-45.234188	66.50673	32.71505	-129.7901	554.6667	4.272063	14.013783	42.26346	-36.813812	238000	-2.4586916e-08	326.34308	-0.018849878	-215.02844	0.6830391	0.015885167	0.2515	9.0	1067.5357491970062
119	18.923538	36.11731	81.32597	-5.851602	415.75	-5.7428007	8.2874565	21.521975	-38.21349	240000	-8.396804e-09	191.59665	-0.018409392	-116.75677	0.68196803	0.016359245	0.2285	11.0	1077.419380903244
120	11.735538	15.961849	37.93988	-10.198464	93.166664	4.2758927	7.103548	34.05622	-29.842741	242000	-1.1429191e-08	112.56462	-0.027040862	-43.200943	0.68070596	0.016326267	0.335	13.0	1087.0634973049164
121	0.7913426	28.006817	44.905415	-44.13911	230.14285	3.418731	5.704978	25.39716	-19.81914	244000	-5.6773426e-09	114.858086	-0.02161485	-41.776207	0.6782011	0.015975913	0.169	7.0	1096.911747455597
122	37.445232	36.673325	98.30665	-7.9154563	216.22223	2.7725904	6.806272	22.413818	-23.627625	246000	-3.9994717e-08	273.53128	-0.015412638	-121.320496	0.6764985	0.015489138	0.2025	8.0	1106.9195129871368
123	3.244754	6.925805	14.385394	-4.1895237	387.5	1.7032311	7.6977153	28.951769	-23.880175	248000	-8.940697e-11	163.99898	-0.020440266	-98.51946	0.6743878	0.017783582	0.272	9.0	1116.4633283615112
124	12.428153	27.576967	52.375504	-29.464087	168.18182	-2.6450355	6.440457	23.167418	-24.467653	250000	6.482005e-09	227.31139	-0.019233841	-94.831696	0.6720624	0.016516378	0.256	10.0	1126.1277375221252
125	4.8314342	39.743496	47.476215	-84.31236	249.25	4.280596	5.8116627	25.879467	-18.525791	252000	-1.963973e-08	226.1996	-0.06071541	-116.4098	0.6698108	0.00979229	0.2985	79.0	1137.3829894065857
126	29.686882	29.402807	71.06257	-26.42106	222.125	1.534707	5.0940256	23.970276	-17.981905	254000	5.3033233e-08	202.09346	-0.021076852	-92.20892	0.6607285	0.015783833	0.2565	10.0	1147.2313795089722
127	33.164875	35.34901	89.79609	-18.658247	324.33334	6.0394826	7.985687	29.871254	-28.947624	256000	-3.218651e-09	108.95049	-0.021516168	-38.63202	0.65891284	0.017448103	0.2535	8.0	1156.959142923355
128	6.634883	26.236965	75.18942	-36.97167	143.84616	4.2931056	7.565614	28.306597	-24.858696	258000	-3.3676624e-09	124.638756	-0.017945917	-44.23649	0.6567664	0.016575072	0.2035	7.0	1166.591207742691
129	16.35117	26.829683	93.4825	-14.117622	120.46667	4.275938	6.848859	25.066278	-20.680944	260000	1.527369e-08	262.619	-0.014028929	-83.02673	0.6549768	0.018193167	0.1865	6.0	1176.235671043396
130	4.8236485	28.94767	46.069542	-48.137814	238.875	5.361494	7.502929	25.653154	-28.325453	262000	2.8170644e-08	263.33505	-0.018453212	-105.51898	0.65339184	0.015931547	0.235	9.0	1186.0513298511505
131	15.10417	21.75042	49.249176	-11.993075	199.0	-0.4294246	5.1011486	19.014431	-20.668344	264000	3.7066639e-09	109.47669	-0.020106398	-46.504627	0.6512571	0.017482065	0.2	8.0	1195.9995121955872
132	21.034292	49.812275	76.22361	-59.490154	473.75	0.5574746	5.2343163	22.54814	-21.967009	266000	4.1127204e-09	390.17236	-0.019411204	-164.47989	0.64931095	0.018012766	0.218	9.0	1205.8597719669342
133	18.275888	22.072994	47.99114	-4.862947	417.66666	-0.33312023	6.9758177	27.659252	-27.294132	268000	9.506941e-09	111.75145	-0.019699916	-58.99699	0.64690614	0.016988315	0.213	8.0	1215.5997495651245
134	30.684536	41.76932	125.61878	-21.759104	186.25	5.358187	6.4096975	29.250769	-25.048727	270000	3.516674e-09	278.8129	-0.016127093	-131.96738	0.64483255	0.016327033	0.2075	8.0	1225.1988968849182
135	36.99562	29.140404	69.48837	-0.06966175	238.5	13.090338	8.943791	37.603397	-10.443722	272000	-2.5942922e-08	120.44485	-0.060333144	-50.62448	0.64300245	0.015008993	0.2665	74.0	1236.032324552536
136	37.767147	33.49369	117.37195	2.2672327	215.66667	8.944619	6.85193	29.769672	-15.347184	274000	1.5161932e-08	85.244965	-0.022912392	-32.591522	0.6293676	0.01512298	0.264	11.0	1246.2788348197937
137	97.7296	5.3044434	103.03404	92.425156	689.0	7.362635	4.6757646	27.143688	-12.265548	276000	1.4305115e-09	116.81959	-0.01696428	-72.5446	0.62764806	0.015760617	0.196	8.0	1256.0226600170135
138	17.226015	47.60553	82.44357	-35.532703	336.25	10.043169	6.992791	38.24921	-18.769482	278000	2.0354987e-08	179.09706	-0.017555468	-103.5857	0.6258945	0.017641747	0.215	7.0	1265.3980457782745
139	15.946646	39.727074	116.457016	-12.704252	170.125	7.8910584	7.229076	33.177574	-24.52254	280000	2.0816922e-08	341.7199	-0.023578912	-145.32387	0.6239856	0.01525967	0.2735	10.0	1275.5422291755676
140	48.328156	27.049795	76.6916	-3.5748532	141.66667	8.666749	7.3656845	34.399124	-21.311924	282000	-1.1831522e-08	232.78328	-0.01807925	-131.94691	0.6218857	0.017077591	0.2415	10.0	1285.258496761322
141	58.06701	54.492924	144.97473	1.104665	361.6	13.484949	6.9067106	35.032276	-20.58412	284000	2.080691e-08	170.90533	-0.02289194	-70.050896	0.6207626	0.016290128	0.2645	9.0	1295.0276322364807
142	51.332214	33.754353	108.53146	20.993443	447.5	13.137688	7.92205	34.96723	-22.286003	286000	-1.0639429e-08	271.58847	-0.017147576	-86.69188	0.619636	0.01921293	0.1505	6.0	1304.8230385780334
143	37.51397	60.06414	162.73036	-20.966578	247.5	13.273747	8.814238	35.35589	-19.186293	288000	-7.897615e-09	174.23146	-0.016584804	-68.11026	0.6186147	0.01585043	0.215	9.0	1314.3677365779877
144	28.063065	43.830254	97.8296	-43.118847	271.85715	12.148147	7.5898385	34.081596	-29.847885	290000	-1.8030406e-08	124.9551	-0.017988557	-62.281475	0.61699146	0.017413963	0.2765	8.0	1324.0755677223206
145	36.110268	40.160202	88.023575	-23.521023	354.8	8.970972	6.4472456	30.977304	-19.305244	292000	-5.1688405e-09	138.08438	-0.021135705	-68.360634	0.6153789	0.01784098	0.2785	8.0	1333.9949498176575
146	21.57525	35.42404	67.45475	-56.031265	139.44444	8.373156	8.895716	33.23344	-22.589453	294000	6.8172814e-09	202.18663	-0.016300142	-99.41771	0.6134647	0.017012084	0.2725	8.0	1343.7315485477448
147	71.73777	79.01588	190.14122	-4.732158	304.8	10.643137	8.790769	34.841957	-24.50175	296000	3.6776065e-08	298.26956	-0.018243808	-177.34921	0.6117807	0.015860444	0.248	10.0	1353.3436450958252
148	58.679638	34.83676	127.84071	35.940483	294.2	15.998159	7.45515	40.804424	-9.977399	298000	7.718802e-09	384.08762	-0.022808762	-188.3919	0.6103185	0.018526502	0.2405	8.0	1363.1234755516052
149	35.047638	24.451422	88.87678	7.027549	231.125	18.217684	6.2638316	39.105015	-13.79438	300000	-2.8520823e-08	152.41594	-0.021924758	-88.37614	0.6088579	0.015346281	0.2775	9.0	1373.1421320438385
150	96.526985	97.39949	233.95645	19.759434	382.66666	8.69436	6.733124	25.874466	-11.995074	302000	-4.0754675e-09	279.71286	-0.015701786	-133.78339	0.6070186	0.015859412	0.2385	10.0	1383.0552368164062
151	108.197845	51.2122	159.41005	56.98565	889.0	15.525277	7.2017016	36.25867	-12.439397	304000	-1.5816186e-08	122.05679	-0.017234452	-57.030807	0.6054069	0.015060934	0.206	11.0	1392.479483127594
152	77.31586	90.423546	217.38638	-11.849243	328.66666	11.591756	8.652128	31.394007	-16.578344	306000	-2.2053719e-09	246.20059	-0.020552898	-127.392334	0.60318995	0.017768258	0.2055	9.0	1402.024230003357
153	111.37227	24.422268	135.79454	86.950005	707.5	18.36256	7.1521792	36.299496	-2.6865025	308000	1.9755214e-08	134.44063	-0.01876591	-57.40841	0.6010474	0.015128134	0.1725	8.0	1411.8473844528198
154	52.06585	38.9421	154.66043	17.867977	221.77777	15.3088045	9.019046	34.682632	-19.17366	310000	-3.4719705e-09	358.18762	-0.018191187	-105.77516	0.5989894	0.015944846	0.258	10.0	1421.6991391181946
155	44.44142	44.550716	140.46968	1.2900352	241.125	12.43746	8.486703	37.84676	-16.201956	312000	1.7248095e-08	130.47679	-0.019040693	-52.932602	0.5968823	0.01739313	0.191	9.0	1431.2914643287659
156	79.44637	65.35685	207.95312	28.099394	294.8	14.999142	8.56572	36.267673	-12.6279745	314000	-1.3157726e-08	487.2343	-0.018545507	-219.75104	0.59520465	0.0165192	0.2495	10.0	1441.1278948783875
157	37.14822	7.1363144	47.73776	27.612404	494.0	21.980768	8.867977	45.219296	-9.547254	316000	-4.9844385e-08	449.53555	-0.017753683	-353.64124	0.5936523	0.016521394	0.227	8.0	1450.8834373950958
158	37.114925	69.121445	191.19131	-1.3862407	256.83334	8.06276	6.292619	32.224678	-18.258194	318000	-1.6614795e-09	142.307	-0.018353624	-76.04819	0.5923597	0.015807122	0.191	8.0	1460.6317300796509
159	60.123283	35.43382	119.93943	29.568985	280.6	8.267289	7.4852066	27.538107	-19.369051	320000	1.5646219e-08	250.13039	-0.018281361	-129.80733	0.5907662	0.017310549	0.2585	9.0	1470.160828590393
160	91.40173	83.03883	204.86014	4.324234	464.25	17.101398	6.3330717	35.922356	-7.0888557	322000	7.927418e-09	243.84224	-0.020189311	-74.67143	0.5892031	0.015857931	0.2725	10.0	1480.0391991138458
161	82.778824	58.07484	176.06606	31.943054	496.75	17.01644	6.290961	38.671318	-10.736437	324000	-1.192093e-10	221.26093	-0.023886995	-110.04797	0.5869276	0.015099181	0.3025	12.0	1489.7636997699738
162	141.99846	105.3264	247.32486	36.67206	534.0	10.335325	6.8788705	27.831915	-17.551754	326000	1.1891126e-08	271.53632	-0.02042904	-164.57007	0.5844887	0.015083168	0.257	9.0	1499.6756863594055
163	47.95933	43.941814	126.709045	-3.5351539	192.66667	11.7247505	10.934663	36.050167	-25.790897	328000	8.046627e-10	249.15219	-0.023505416	-126.248634	0.5825087	0.015066105	0.2425	14.0	1509.6192407608032
164	33.88131	45.85778	167.69603	4.2412744	197.8	15.301557	5.430554	30.810173	-6.2804513	330000	-1.2695789e-08	119.264725	-0.025234032	-50.060547	0.5794358	0.01723491	0.293	9.0	1519.2394642829895
165	119.24379	88.103485	245.54716	12.904618	370.4	10.839629	4.7333055	24.86402	-20.884514	332000	-2.169609e-08	375.84357	-0.018614082	-217.30025	0.5775249	0.015940981	0.28	10.0	1528.705983877182
166	63.25042	99.604935	258.8814	-11.994183	376.0	21.516594	7.138736	38.507732	-5.559671	334000	-1.0669232e-08	297.35187	-0.021057306	-114.34906	0.5752307	0.016125472	0.28	10.0	1538.6117141246796
167	64.7898	92.93285	261.03473	-7.9726486	277.5	11.909117	9.548834	41.1908	-18.876738	336000	1.9967556e-09	386.35028	-0.01902732	-163.46568	0.57326007	0.01506509	0.198	7.0	1548.2585384845734
168	51.79256	52.116497	125.49069	14.147998	338.33334	15.028809	8.490869	38.900352	-16.20137	338000	5.453825e-09	166.69698	-0.016669063	-74.241684	0.5720782	0.017654484	0.23	8.0	1557.6356480121613
169	122.96681	80.711815	254.89236	45.311752	444.25	18.730541	7.8237667	39.92373	-7.8612595	340000	6.660819e-09	425.99265	-0.02070407	-126.40872	0.57103086	0.015205766	0.229	7.0	1567.415834903717
170	124.95717	46.87645	160.49266	45.23321	493.5	18.436222	8.322848	49.88428	-8.893981	342000	-3.695488e-09	144.9495	-0.01681228	-78.9391	0.57009876	0.0154886795	0.2125	7.0	1576.947676897049
171	85.50694	74.02806	159.535	11.47888	534.0	16.476618	5.566908	46.62112	-2.906877	344000	-1.1652708e-08	68.07414	-0.021426132	-37.898026	0.56925	0.016915884	0.317	10.0	1586.8995218276978
172	55.971497	51.678867	174.89206	18.446007	267.42856	18.82974	8.913782	42.930855	-8.487129	346000	2.1457671e-09	136.52896	-0.016616832	-88.66414	0.567197	0.018404128	0.218	8.0	1596.6944451332092
173	118.348785	78.83722	190.01021	-0.3232762	447.0	14.748491	4.167269	28.701357	-3.0734441	348000	1.7881393e-09	253.77773	-0.017856924	-131.92151	0.56555593	0.01588398	0.2445	8.0	1606.5354511737823
174	36.744667	42.357403	106.08351	-33.72615	159.0	19.216417	8.267211	40.05126	-11.080958	350000	-9.3877315e-09	302.25107	-0.017344704	-113.62453	0.56449234	0.016545288	0.2445	9.0	1616.063666343689
175	43.76452	31.990673	113.48143	1.8130357	281.42856	14.984981	8.229457	39.35205	-13.456647	352000	-3.144145e-09	100.15344	-0.015906118	-55.93826	0.56347823	0.015625734	0.208	8.0	1625.739744901657
176	67.61067	74.39839	190.3389	9.392322	253.28572	9.511055	7.420661	29.92024	-17.296165	354000	1.6748904e-08	290.2791	-0.02296153	-174.05652	0.5621721	0.017337402	0.2205	7.0	1635.5277218818665
177	47.56613	47.985676	134.42195	-27.410255	246.375	19.067879	8.334686	40.80867	-8.887833	356000	2.7492643e-08	222.18367	-0.018711071	-92.18204	0.5608733	0.015987884	0.273	9.0	1645.1876661777496
178	-11.405525	91.36449	67.247055	-139.5098	639.0	7.391214	8.628828	36.9675	-16.16098	358000	1.1056661e-08	351.57822	-0.01636314	-230.29169	0.5590229	0.01679589	0.209	6.0	1655.147788286209
179	271.33182	70.28244	341.61426	201.04938	1000.0	8.88567	11.588785	39.047592	-32.250755	360000	2.0205974e-08	380.74866	-0.02045792	-284.57288	0.55784374	0.017396567	0.274	8.0	1664.6796855926514
180	64.17223	33.97142	98.26715	15.954949	310.5	17.079016	10.942177	46.086773	-13.649009	362000	-2.2232532e-08	213.41368	-0.015574981	-52.034744	0.5564904	0.016406033	0.206	9.0	1674.5387728214264
181	296.90485	19.720184	316.62503	277.18466	1000.0	21.457285	8.882981	42.94938	-9.512423	364000	-1.6070903e-08	337.81946	-0.061717387	-171.50374	0.55498093	0.014114984	0.2885	79.0	1685.279644727707
182	204.92679	17.950615	222.87741	186.97618	1000.0	19.500208	8.656071	55.7918	2.6911607	366000	5.193055e-09	52.285965	-0.022748575	-28.259678	0.5451038	0.017420162	0.252	9.0	1695.5581209659576
183	39.906075	54.1339	80.81218	-52.592354	439.25	17.026554	17.118113	52.991943	-19.607927	368000	-2.949685e-08	422.858	-0.017922757	-260.89795	0.54404545	0.015413062	0.287	10.0	1706.011841058731
184	115.14533	37.340633	165.35464	75.87194	531.6667	11.647195	7.5374784	40.612915	-17.364119	370000	-8.5532665e-09	107.77549	-0.020069545	-51.653854	0.54223245	0.017813005	0.1885	7.0	1716.0971534252167
185	62.254333	76.573074	259.5883	8.473959	230.25	18.671032	12.277696	43.92135	-23.574804	372000	1.1950731e-08	233.4809	-0.019219954	-69.54494	0.540631	0.016344707	0.3225	8.0	1725.7279906272888
186	101.51627	54.15471	151.34908	26.235025	521.3333	15.905928	7.6483073	41.689377	-11.857291	374000	1.1889904e-08	154.51549	-0.016765686	-67.21266	0.53868544	0.018785853	0.2025	7.0	1735.9270465373993
187	217.25143	21.2416	238.49304	196.00984	1000.0	15.935831	4.236534	38.397083	-3.0587406	376000	1.886487e-08	60.2453	-0.022198131	-37.586586	0.5372212	0.016182683	0.2335	6.0	1745.8197193145752
188	63.530506	41.154396	137.0058	26.629196	285.4	21.695066	15.449531	47.590008	-22.294186	378000	-1.42753125e-08	332.32037	-0.013486241	-105.32878	0.5360315	0.016000452	0.2655	8.0	1755.3437428474426
189	106.04955	92.50649	233.59401	17.068512	375.33334	19.664598	5.26134	49.09594	5.6212974	380000	2.5182962e-09	48.984158	-0.017456768	-17.265804	0.53430283	0.016257308	0.2025	8.0	1765.1098897457123
190	72.04746	72.51215	245.25345	-20.050993	239.0	23.937456	8.298216	44.626644	-13.253428	382000	3.6209822e-09	214.7158	-0.020212095	-81.7294	0.5324027	0.01820376	0.252	8.0	1774.963476896286
191	68.316	45.84553	134.89008	12.097824	195.5	20.248068	5.6598215	39.76675	-3.1410935	384000	-8.799136e-09	166.36978	-0.020664169	-52.324257	0.5303754	0.015459417	0.3345	9.0	1785.3028309345245
192	156.55598	29.026875	185.58286	127.529106	656.0	23.731752	6.663896	44.29549	-5.5530457	386000	3.9339065e-09	166.21597	-0.020988144	-71.63742	0.5285081	0.015514059	0.213	7.0	1795.051479101181
193	67.24884	50.50122	144.70053	7.0782986	277.0	25.267746	8.639858	47.444355	-15.060062	388000	6.839633e-09	285.55753	-0.01664631	-194.44482	0.52700037	0.01759454	0.246	7.0	1804.5898370742798
194	154.86295	95.806915	250.66986	59.05603	535.0	18.347069	4.784393	37.957386	-6.400456	390000	1.42753125e-08	92.57235	-0.015056607	-61.025383	0.5256369	0.0165258	0.222	6.0	1814.1913931369781
195	68.5092	58.8611	172.80301	-1.8269073	383.4	23.36976	9.499474	45.824547	-15.586514	392000	-3.299117e-08	265.91708	-0.014539391	-174.08144	0.52463305	0.015937116	0.1965	6.0	1824.8232517242432
196	67.71873	39.006737	145.88536	27.678743	198.71428	13.040439	10.428971	37.09113	-19.7984	394000	3.5017729e-09	149.9041	-0.014966484	-70.94242	0.5236634	0.015074722	0.2245	6.0	1836.4758999347687
197	131.04916	63.44193	208.98308	53.584858	522.6667	20.170162	8.828777	41.40023	-16.7004	396000	-6.437302e-09	146.05574	-0.016299399	-76.75658	0.52269065	0.015315164	0.194	8.0	1847.6856479644775
198	41.815502	45.604515	135.4642	-1.6250222	302.16666	11.260107	19.903913	49.581852	-30.804272	398000	-1.0333955e-08	412.6136	-0.016701246	-140.73587	0.5215103	0.017833019	0.2425	7.0	1857.238168478012
199	80.2381	60.632816	163.54724	9.480803	224.0	19.059097	10.180863	49.831455	-25.991888	400000	2.6144088e-08	238.65105	-0.01496764	-107.82526	0.52046466	0.017939618	0.225	7.0	1867.0674314498901
200	166.22943	114.01053	252.96268	5.1529613	543.3333	23.232805	9.047441	46.948658	-7.972509	402000	-2.168119e-09	157.37022	-0.020673944	-57.61039	0.5192516	0.015653605	0.352	9.0	1877.0836656093597
201	151.61656	130.16063	386.18912	11.2018385	338.4	30.456957	9.328337	51.46556	0.48587614	404000	-1.8715859e-08	390.70172	-0.018731073	-186.97935	0.517388	0.01505142	0.132	5.0	1887.0932104587555
202	190.95886	50.464394	261.84097	148.32222	549.0	33.649273	11.224102	55.288235	-11.100898	406000	1.013279e-08	369.06512	-0.015002427	-211.89626	0.51634246	0.017350728	0.2115	5.0	1896.6409957408905
203	58.555077	62.77678	135.44687	-2.7058659	312.2	19.546368	15.183026	54.33696	-26.169636	408000	-1.8149615e-08	411.20468	-0.01343381	-197.77368	0.5151985	0.01584981	0.227	8.0	1907.3995218276978
204	108.41532	78.41011	193.73924	25.758581	429.75	20.292019	7.0254073	42.99163	-13.012391	410000	8.136034e-09	236.11502	-0.017377574	-109.57567	0.5133365	0.016798643	0.2045	7.0	1917.3826224803925
205	250.22563	26.144913	276.37054	224.08072	861.0	21.904226	11.483545	51.39584	-14.000025	412000	-1.2345612e-08	251.6738	-0.018978056	-91.90599	0.51169527	0.015047458	0.2055	6.0	1927.3356778621674
206	131.84222	93.42666	228.97252	35.99945	498.25	21.99523	12.500822	51.889946	-23.7023	414000	-1.129508e-08	230.22424	-0.014082187	-98.628815	0.5103293	0.01648719	0.161	5.0	1936.9926218986511
207	118.265274	48.73881	161.75526	36.64463	360.25	24.093403	15.779247	54.10198	-30.48631	416000	1.3351441e-08	212.725	-0.017334485	-98.11719	0.5093866	0.015765317	0.2145	6.0	1946.3156294822693
208	218.14308	12.110321	230.2534	206.03276	1000.0	20.781706	10.8095045	51.710278	-23.232054	418000	2.1904707e-09	149.09819	-0.016143715	-104.89678	0.50831854	0.016680809	0.2385	8.0	1957.268149137497
209	203.72627	49.09287	244.53299	134.67857	537.0	19.609137	13.0010805	44.519085	-22.121342	420000	-6.556511e-09	299.86066	-0.01952986	-172.56767	0.50678104	0.015912501	0.1885	6.0	1969.4756982326508
210	77.843376	104.90635	255.54225	-17.034857	431.25	25.984623	10.939019	49.678276	-15.377691	422000	-1.5243888e-08	255.35913	-0.017226355	-114.00168	0.5056095	0.016449288	0.2175	5.0	1981.415721654892
211	160.87569	80.714905	272.80997	85.53377	543.6667	22.286913	8.367799	46.944553	-14.111282	424000	1.725927e-08	192.92561	-0.008939467	-81.91485	0.5045941	0.015639678	0.1915	6.0	1993.343814611435
212	121.48404	69.26441	206.46718	36.805534	498.0	28.580555	6.5994678	47.53415	9.359901	426000	1.7881393e-09	224.06892	-0.01765367	-78.701996	0.5033601	0.017479982	0.2225	8.0	2005.6754941940308
213	84.97042	80.90854	231.51566	-5.1572638	325.0	22.320244	7.5845685	45.634583	-24.805708	428000	1.2487173e-08	205.8971	-0.019258931	-58.747437	0.5012833	0.01601736	0.262	10.0	2018.0036180019379
214	188.83774	56.590385	245.42813	132.24736	603.0	22.816954	4.377072	43.54319	-1.2130923	430000	1.1920929e-09	73.57636	-0.020492505	-28.453362	0.498847	0.017234372	0.2745	10.0	2030.5647013187408
215	91.85258	64.01123	175.06361	19.37474	648.0	15.583258	10.0918665	42.378994	-22.138193	432000	2.0503998e-08	157.931	-0.021566626	-73.693886	0.49657288	0.019362554	0.198	7.0	2042.639755487442
216	256.01587	53.634705	309.65057	202.38116	817.5	17.016445	10.346576	47.121456	-10.210898	434000	2.8461217e-08	358.44348	-0.016627025	-199.04549	0.4949381	0.016140873	0.269	9.0	2054.55562210083
217	78.809395	72.44353	209.55829	6.7944655	343.2	25.908215	10.282364	50.46279	-7.879021	436000	3.0100345e-08	354.57306	-0.01841894	-193.37135	0.4930623	0.01669286	0.2475	9.0	2066.766829252243
218	198.59659	94.26514	292.86172	104.33144	875.5	13.345681	13.4250965	47.427338	-17.11332	438000	3.155321e-09	342.0231	-0.01695082	-205.27643	0.49160367	0.015249249	0.2395	9.0	2077.631274461746
219	294.97675	18.28482	313.26157	276.69193	1000.0	27.83406	13.749129	54.872753	-12.186883	440000	-2.875924e-08	170.20087	-0.020080721	-93.84242	0.49048617	0.016860837	0.2745	9.0	2087.3637998104095
220	167.61195	144.40956	371.388	25.225206	436.5	29.06082	9.172292	47.239994	1.3272431	442000	-6.273389e-09	190.27577	-0.018194756	-73.9163	0.48911202	0.0153860105	0.2145	7.0	2096.9354219436646
221	81.06762	93.20196	250.05826	1.8118187	314.4	29.45471	7.942544	48.84738	-1.3867768	444000	-1.7017125e-08	281.69174	-0.016209558	-123.18863	0.48808324	0.016689995	0.2275	6.0	2106.5269107818604
222	220.33113	2.094757	222.42589	218.23637	881.0	19.32375	6.6985474	41.01658	-10.317057	446000	-8.21054e-09	156.52483	-0.0165504	-89.431694	0.4873141	0.0155192455	0.1635	5.0	2116.335782289505
223	253.38873	74.26352	327.65225	179.12521	1000.0	22.834282	11.179442	50.439953	-7.9106264	448000	-9.514391e-09	153.41946	-0.01932079	-47.189682	0.48648453	0.018164339	0.2365	8.0	2126.054829120636
224	135.19328	14.884478	156.0954	122.586426	554.3333	22.991041	15.206637	49.85584	-19.70705	450000	-1.5601517e-08	199.69507	-0.015408113	-85.71995	0.48476943	0.017560897	0.169	6.0	2135.5507049560547
225	141.70569	107.03689	319.74823	44.625057	468.5	23.867336	8.612936	45.085396	-15.802679	452000	-4.1291116e-08	243.64691	-0.014677623	-131.12595	0.48339367	0.01630947	0.2385	7.0	2145.1695284843445
226	148.86345	71.1095	219.97295	77.753944	702.5	21.160797	12.0946	51.98951	-14.7014675	454000	-2.5004148e-08	135.5299	-0.01771913	-64.013504	0.48204067	0.018270511	0.251	7.0	2155.0236015319824
227	263.67914	23.556229	287.23538	240.12292	1000.0	25.1039	11.924354	49.78038	-9.517627	456000	-3.054738e-09	221.735	-0.018746646	-116.225525	0.48078817	0.016459923	0.1875	6.0	2164.911569595337
228	112.50771	95.7315	262.76437	9.162008	286.75	26.006922	15.926237	55.598244	-18.454863	458000	-9.343028e-09	596.3606	-0.017057993	-308.19608	0.47965086	0.0152959395	0.223	9.0	2174.642113685608
229	172.6771	147.96101	438.9446	28.296267	372.6	37.808826	13.3599415	63.60685	-3.8551276	460000	3.7699937e-09	218.44507	-0.02144441	-78.78726	0.47775716	0.015454279	0.246	8.0	2184.3396966457367
230	287.65237	55.341682	342.99405	232.31068	1000.0	27.788446	13.639228	57.041206	-12.756293	462000	-1.3579615e-08	248.38394	-0.018214257	-136.54694	0.47583085	0.019841462	0.1735	6.0	2193.9991817474365
231	157.1902	122.78536	343.73126	13.93315	372.6	32.39469	11.643616	55.780937	-4.363317	464000	-1.4185906e-08	414.52768	-0.01412934	-156.48587	0.47457218	0.016501386	0.172	5.0	2203.751551389694
232	326.4621	176.79564	503.25772	149.66644	676.0	34.863857	11.167024	61.634846	1.552739	466000	-2.5898219e-08	203.52534	-0.017650625	-106.381645	0.47371742	0.015120471	0.228	9.0	2213.613651037216
233	173.9635	88.86874	248.11937	49.00975	550.3333	35.165302	14.020489	66.73881	-9.434949	468000	-2.861023e-09	192.34811	-0.017549925	-116.06164	0.47246388	0.016640434	0.1955	7.0	2223.2876892089844
234	219.81259	32.92267	252.73526	186.88992	750.0	26.490953	7.8210974	52.886635	-1.3153154	470000	-1.3351441e-08	60.703716	-0.015306924	-32.774414	0.47156867	0.015919361	0.185	7.0	2233.1568224430084
235	159.9101	82.0585	288.76416	77.7136	451.75	27.164034	8.631694	52.94112	-0.12854448	472000	6.377697e-09	112.792404	-0.017487142	-60.78768	0.47060105	0.017316042	0.1865	7.0	2242.6829907894135
236	358.7131	116.75843	475.47153	241.95467	1000.0	30.694542	12.795425	57.674747	-3.8884475	474000	4.2021275e-09	351.4559	-0.053459004	-162.54875	0.46950358	0.00719847	0.2705	79.0	2253.5317118167877
237	432.3687	95.942	528.3107	336.42673	1000.0	35.520683	11.645327	64.44531	-0.23539859	476000	2.142787e-08	271.52887	-0.026392194	-133.86357	0.46438736	0.016042253	0.31	11.0	2263.3714056015015
238	167.71477	69.107414	236.82219	98.60735	574.0	43.29571	14.763687	68.08659	0.34132838	478000	-2.2679567e-08	468.9931	-0.016866	-294.11658	0.46362635	0.01625822	0.1555	7.0	2272.8836665153503
239	248.10205	144.85585	377.4652	45.857014	502.66666	43.22562	17.58786	71.708755	-26.044767	480000	-2.105534e-08	702.56665	-0.019349175	-456.0855	0.46237046	0.01575742	0.287	10.0	2282.4733617305756
240	154.63412	115.65611	317.79492	63.133057	427.33334	33.349186	10.6957655	60.090294	0.62174356	482000	-6.1243774e-09	209.33969	-0.017431024	-71.545975	0.46020728	0.015013283	0.2005	6.0	2292.3676030635834
241	145.87056	155.2623	371.45	-1.90246	366.75	38.988205	10.949116	62.669827	10.294837	484000	-3.9488075e-09	315.48264	-0.015250436	-106.66354	0.45882922	0.015413433	0.183	7.0	2302.19944357872
242	190.58255	120.42755	311.0101	70.155	580.5	28.58532	10.395916	61.18069	1.0510335	486000	2.2023917e-08	140.61382	-0.018519768	-62.09577	0.45740914	0.015992336	0.3045	10.0	2311.8356308937073
243	269.10876	41.17357	310.28232	227.93518	1000.0	25.32757	7.318744	49.84691	0.9312103	488000	-3.963709e-09	154.08467	-0.024502689	-99.039406	0.45568684	0.01513497	0.2725	13.0	2321.8394870758057
244	170.7403	111.805374	341.8024	41.097797	454.75	30.818752	14.415858	62.88445	-8.055471	490000	-3.6358834e-09	197.6892	-0.019750465	-71.63725	0.45354033	0.017951813	0.246	9.0	2331.4436931610107
245	275.00366	57.11772	332.82834	197.24583	638.0	31.025309	9.357374	55.86605	-6.909613	492000	-1.1071562e-08	319.24817	-0.018700344	-130.71295	0.4519145	0.015061565	0.2375	9.0	2341.2189617156982
246	189.49341	156.86407	409.73666	56.3676	336.33334	45.4913	6.876087	60.085785	10.592871	494000	-5.960465e-11	376.20203	-0.018807603	-81.83151	0.4502224	0.016607862	0.184	7.0	2350.8743772506714
247	366.20926	258.09482	617.80695	11.405267	612.3333	48.37287	5.3260107	64.505585	18.808592	496000	6.496906e-09	335.45966	-0.020134134	-115.80426	0.44894	0.016224375	0.234	9.0	2360.7904617786407
248	149.27904	105.066475	268.05447	12.575456	499.33334	45.94446	9.99222	68.72753	9.837788	498000	3.5807492e-08	318.00412	-0.018352	-158.82578	0.44681606	0.016162144	0.2545	7.0	2370.464706659317
249	178.80208	44.1563	239.0781	134.53008	573.0	36.803577	10.321383	65.245705	6.154897	500000	-1.2516975e-09	291.33963	-0.018042048	-147.33806	0.44566864	0.017440775	0.236	8.0	2380.1684019565582
250	321.7017	156.13503	436.97253	100.96599	661.6667	33.9837	6.8883853	50.56863	2.9073102	502000	-6.2584875e-09	519.3272	-0.017963521	-288.97205	0.44468257	0.015228623	0.2935	9.0	2390.2116577625275
251	226.62271	219.65958	446.2823	6.9631205	514.0	46.764744	10.516126	64.48468	0.7509239	504000	-2.0861626e-09	343.209	-0.023006687	-118.70949	0.44336855	0.01827466	0.257	8.0	2399.5956869125366
252	184.19025	100.781815	292.7384	49.925964	394.66666	41.822876	12.833582	63.123684	-2.414566	506000	-2.6702882e-08	416.29077	-0.021684498	-190.27048	0.4422073	0.016244836	0.296	10.0	2409.2434611320496
253	332.02637	29.593918	361.6203	302.43246	815.5	32.52195	9.106367	55.011406	-2.4560602	508000	-9.536744e-10	168.12173	-0.022110237	-79.55418	0.44038263	0.016538396	0.3165	10.0	2419.1516156196594
254	146.97913	119.33241	420.5758	30.94535	269.57144	45.28932	8.638014	61.238907	9.001161	510000	5.4240226e-09	480.29367	-0.021643974	-175.37814	0.43834996	0.019551327	0.1885	6.0	2428.771299600601
255	138.54692	134.77654	402.7765	42.50975	334.8	33.019302	13.005788	59.55921	-4.515785	512000	3.9860606e-10	340.05978	-0.056854825	-111.89914	0.43709877	0.013271628	0.302	79.0	2439.791838645935
256	148.76436	99.81792	254.04587	24.636786	482.5	27.566406	13.164774	55.886795	-9.996976	514000	-6.765127e-09	433.23685	-0.02349663	-161.67725	0.4283208	0.015313864	0.277	10.0	2449.7507648468018
257	157.86005	115.69243	351.05652	66.5283	406.0	33.406837	13.236879	62.302162	-9.624919	516000	-2.368167e-08	336.5593	-0.018274141	-143.9113	0.42767373	0.016609065	0.1635	6.0	2459.4476120471954
258	129.22913	101.55616	324.14847	34.920265	357.8	32.307816	9.5817375	55.025826	0.91067916	518000	2.3394824e-09	313.61594	-0.019574089	-104.00618	0.42711586	0.015212707	0.2855	8.0	2469.211421728134
259	197.77173	121.74387	300.23532	26.713955	470.33334	28.91016	10.8924675	54.100117	-8.587655	520000	4.053116e-09	448.79123	-0.024037812	-234.56789	0.4263945	0.015981048	0.2695	10.0	2479.1219940185547
260	200.64214	126.051834	326.69397	74.590294	853.0	36.014698	16.585865	66.25492	-12.843744	522000	1.8771738e-08	613.5297	-0.0155499475	-303.07053	0.42549998	0.015021929	0.178	6.0	2489.3515441417694
261	448.39664	139.96744	588.3641	308.4292	714.0	39.109905	11.979979	63.908634	-5.349036	524000	6.5639614e-09	490.9971	-0.016937964	-290.125	0.42487544	0.017295364	0.16	7.0	2500.7473599910736
262	387.1707	18.25	405.4207	368.9207	1000.0	37.364334	11.478545	66.68548	13.072047	526000	-2.8908254e-09	73.61088	-0.021050427	-27.51144	0.4238935	0.016397526	0.268	9.0	2510.3794457912445
263	282.82846	199.94257	482.77103	82.8859	596.0	42.378532	10.901579	63.94479	1.710095	528000	-1.2650155e-08	247.47969	-0.017920593	-91.61664	0.42246857	0.015117905	0.2045	6.0	2520.0235970020294
264	365.98642	180.7068	538.62305	116.4815	661.0	40.064938	9.180495	58.785217	-12.216588	530000	-2.5302171e-08	604.1359	-0.029310098	-185.42004	0.42163855	0.015071834	0.2445	18.0	2527.2510068416595
265	374.19537	5.339798	379.53516	368.85556	743.0	44.351803	11.347033	67.2422	17.563705	532000	-2.026558e-09	157.98865	-0.023383938	-63.144455	0.41891572	0.015970621	0.266	10.0	2534.6274654865265
266	188.09401	74.77304	265.9257	87.18475	658.0	38.62813	17.76888	72.88882	-10.082268	534000	-3.903359e-08	546.2712	-0.019750832	-358.88135	0.41756144	0.016024472	0.296	9.0	2541.9396255016327
267	340.29178	4.9628906	345.25467	335.3289	856.5	32.574635	11.534707	61.812206	-5.48902	536000	-1.4603138e-08	245.28021	-0.023223309	-83.982834	0.41596055	0.015212334	0.2665	13.0	2549.1554975509644
268	387.52917	87.27565	474.80484	300.25354	759.5	39.19294	8.315838	55.366352	0.0438741	538000	-7.212162e-09	357.5531	-0.018332684	-172.85255	0.41376516	0.015058275	0.178	6.0	2556.2676136493683
269	164.18173	132.40312	350.6788	56.44127	402.33334	44.129417	12.2803335	66.09846	-1.3576596	540000	-9.268522e-09	267.27344	-0.017245188	-65.36798	0.41265562	0.017600842	0.245	7.0	2564.0550565719604
270	460.01404	142.54375	602.5578	317.4703	911.5	43.199894	9.016042	62.83313	23.129736	542000	-7.737428e-09	264.92377	-0.017546311	-117.03259	0.41171485	0.016497185	0.2665	8.0	2572.3758697509766
271	240.35631	170.84845	509.24564	46.63717	415.25	53.04899	13.511193	72.35249	0.35945788	544000	-3.9339065e-09	387.1192	-0.019176511	-164.69485	0.41060814	0.015465476	0.153	6.0	2581.7159876823425
272	226.63121	212.77882	524.4797	40.59953	471.66666	46.714542	8.733935	65.29889	12.082715	546000	1.0490417e-08	231.96533	-0.017809385	-60.08496	0.40999845	0.015604415	0.2685	9.0	2591.2467601299286
273	142.2664	103.77766	282.8725	35.5333	422.0	35.46035	13.184411	62.6786	-9.683891	548000	2.0802021e-08	342.63058	-0.026881622	-80.611145	0.40881434	0.015022562	0.333	13.0	2601.0869331359863
274	229.27138	160.17706	455.17984	101.85826	437.66666	40.048115	9.652232	61.686577	8.355864	550000	3.963709e-08	295.36108	-0.020839456	-102.24075	0.40721667	0.0157425	0.266	10.0	2610.8956949710846
275	357.30774	14.419708	371.72745	342.88803	1000.0	36.74118	13.175223	65.85439	-6.0013895	552000	3.3080578e-09	241.95628	-0.022012245	-96.035645	0.40617496	0.017101342	0.244	7.0	2620.583791732788
276	344.88657	143.2961	488.18268	201.59047	1000.0	34.438236	12.630546	66.81129	3.294853	554000	-3.6358834e-09	144.457	-0.018265972	-68.30416	0.4052703	0.016141891	0.264	8.0	2630.023369073868
277	300.3015	270.6324	570.9339	29.669119	519.5	51.61115	10.464394	74.35482	10.9129	556000	-2.001226e-08	274.13953	-0.019490214	-127.38847	0.40357423	0.015931748	0.2655	7.0	2639.675192832947
278	354.45203	208.25023	572.07733	73.7916	637.3333	46.91474	11.6788435	70.35004	2.722838	558000	1.8149615e-08	320.45078	-0.013546839	-98.32614	0.4022648	0.015609577	0.193	6.0	2649.3676924705505
279	397.73663	88.08359	485.82022	309.65305	1000.0	42.239994	8.522579	65.57514	6.2801185	560000	8.948147e-09	150.39842	-0.019989982	-52.191162	0.4013964	0.015213983	0.2755	11.0	2659.3557493686676
280	335.2662	156.29567	491.56186	178.97054	642.5	48.770344	7.582872	64.884964	18.273657	562000	-1.2058765e-08	309.8549	-0.02328284	-96.39354	0.39958534	0.017484652	0.2405	7.0	2667.115511894226
281	527.9651	23.21022	551.1753	504.75485	931.5	51.785305	10.017588	68.26909	3.1065056	564000	1.013279e-09	317.39032	-0.014881548	-95.549835	0.39894173	0.016136928	0.2645	7.0	2674.3901104927063
282	361.61832	158.77025	518.5241	144.0704	587.6667	44.945732	15.292899	69.407196	-4.4259315	566000	3.606081e-09	502.903	-0.016459921	-233.62622	0.39875406	0.016168766	0.215	8.0	2681.66339468956
283	361.89636	123.5717	485.46808	238.32468	674.0	54.514572	11.024891	77.14277	13.2125225	568000	1.218915e-08	346.27692	-0.021068214	-215.87541	0.39866796	0.015148239	0.299	11.0	2688.947587251663
284	326.97272	41.728653	368.70135	285.24405	1000.0	41.921432	10.137249	71.4032	7.3870797	570000	-1.2993812e-08	164.8367	-0.017324677	-127.89658	0.39775828	0.016118564	0.222	8.0	2695.904182434082
285	258.83356	158.71292	421.3334	63.602993	492.0	38.98374	9.702888	68.722305	-2.631384	572000	1.07288365e-08	378.94003	-0.025968967	-223.93169	0.39641336	0.015253035	0.2755	11.0	2703.290284395218
286	385.3354	58.902374	444.23776	326.433	1000.0	34.792633	10.532564	64.88685	-6.6568303	574000	-2.2307038e-08	181.9855	-0.021822216	-93.1253	0.3947737	0.016435344	0.283	10.0	2710.7035591602325
287	144.65039	117.288445	261.93884	27.361948	521.5	40.390602	12.081444	66.80519	4.7142777	576000	-2.4706125e-08	353.49774	-0.021017099	-125.178894	0.39299253	0.018551752	0.2365	7.0	2717.9866592884064
288	245.12343	126.58394	420.66888	126.96837	476.66666	42.6031	10.093672	67.65575	8.134527	578000	1.2214295e-08	189.66133	-0.017251143	-74.2117	0.39172992	0.01505159	0.215	6.0	2724.9898138046265
289	149.67691	85.60797	222.18825	8.548387	401.5	41.60526	11.596408	64.996994	5.2584114	580000	2.3052097e-08	476.1207	-0.01913427	-309.9812	0.39057085	0.017992066	0.2235	7.0	2732.242859840393
290	180.97859	48.66252	229.64111	132.31607	502.5	27.50891	11.573739	58.587566	-8.536308	582000	1.1563301e-08	157.40764	-0.016507238	-67.87913	0.38915822	0.016496023	0.2075	8.0	2739.6393122673035
291	433.61084	49.356155	482.96698	384.25467	1000.0	25.621777	16.469894	65.23828	-4.6390457	584000	1.04606155e-08	394.55283	-0.018661104	-232.00705	0.3873354	0.015051034	0.268	11.0	2747.0512957572937
292	188.297	111.84468	268.32224	30.128448	624.3333	32.88433	18.128263	76.41271	0.5512165	586000	6.1392784e-09	280.10983	-0.020626498	-97.87045	0.38518816	0.01677154	0.2425	7.0	2754.3259646892548
293	383.86993	200.43944	584.3094	183.4305	761.5	35.51914	18.417368	70.44652	-1.8410003	588000	-1.192093e-10	315.5386	-0.013902857	-133.46188	0.3840639	0.016908111	0.1905	7.0	2761.3910076618195
294	386.76443	28.899841	415.66428	357.8646	1000.0	44.27322	10.065293	74.8762	5.1470323	590000	1.257658e-08	121.423004	-0.016709343	-74.489	0.38293028	0.01860492	0.182	6.0	2768.8195312023163
295	249.27617	145.14853	398.4644	52.578423	657.6667	31.88691	13.1297455	67.48007	-1.4620093	592000	3.1009318e-08	250.26538	-0.02204821	-74.62274	0.3817292	0.015465706	0.229	13.0	2776.239383459091
296	352.96692	40.187424	393.15433	312.77948	690.5	41.910408	6.453201	66.712006	3.9822285	594000	-1.9259751e-08	205.20808	-0.01882631	-114.186615	0.37838617	0.017435823	0.2195	8.0	2783.7355382442474
297	347.82596	95.11305	442.939	252.7129	643.5	35.70885	14.935503	72.11387	6.805328	596000	-1.6093255e-08	294.66748	-0.05743635	-94.61165	0.37647778	0.01293925	0.278	79.0	2791.6994967460632
298	390.25296	143.76999	534.02295	246.48297	724.5	51.168842	12.712729	74.433304	10.207072	598000	-1.6510487e-08	181.23605	-0.020792475	-80.738464	0.37178105	0.015965257	0.18	7.0	2798.991499900818
299	516.6029	3.1895142	519.7924	513.4134	978.0	39.88121	14.80484	74.47873	5.2058134	600000	-1.0415912e-08	366.28033	-0.020349076	-218.47798	0.3715664	0.018058514	0.2845	7.0	2806.3388793468475
300	452.61984	12.409119	465.02896	440.21072	911.5	52.953606	15.729849	84.78736	21.898354	602000	1.7881393e-09	299.8535	-0.021138024	-172.97652	0.37127557	0.016087377	0.278	7.0	2813.795396089554
301	451.1505	142.92949	594.08	308.22104	844.5	44.099766	14.333929	70.839325	13.536732	604000	1.2218953e-09	261.66803	-0.0185486	-77.01492	0.37035513	0.017989865	0.274	7.0	2820.9076116085052
302	275.2827	144.74374	475.86533	139.62067	599.3333	52.813087	11.016804	74.035286	13.452284	606000	-1.847744e-09	326.87726	-0.017946834	-157.59763	0.36908463	0.016449202	0.232	7.0	2828.043216943741
303	292.19775	180.66171	472.85947	111.53605	605.0	45.592094	8.847517	68.121254	12.127719	608000	2.8125942e-09	245.07436	-0.015758848	-126.76032	0.36817184	0.015619993	0.178	6.0	2835.4393565654755
304	594.545	62.45343	656.9984	532.09155	1000.0	44.214775	12.457183	73.75518	15.468774	610000	4.321337e-08	335.84546	-0.016601589	-234.13742	0.3675223	0.018759279	0.217	5.0	2842.7915189266205
305	337.9031	65.68137	417.3034	256.4566	619.0	60.266445	11.822252	83.43016	-1.7300907	612000	1.8239021e-08	656.8452	-0.01909417	-304.4626	0.36699465	0.016089195	0.2065	10.0	2850.0029270648956
306	234.41473	120.13434	382.31567	88.06002	480.0	41.150814	12.4522085	69.81866	-10.056353	614000	2.324581e-08	203.9888	-0.017200368	-98.73758	0.36587054	0.01575466	0.2235	8.0	2857.1313314437866
307	463.82794	32.638535	496.4665	431.18942	966.0	34.73401	11.578233	69.34729	4.697593	616000	1.6689301e-09	474.45572	-0.018905193	-198.55484	0.36518434	0.016269138	0.2705	8.0	2864.527376651764
308	441.841	62.475235	504.31622	379.36575	1000.0	44.640095	8.811529	71.13346	23.271873	618000	-2.9122458e-09	78.87258	-0.04775323	-30.567719	0.36444202	0.015013161	0.2625	49.0	2872.459620952606
309	579.8097	173.28305	753.0928	406.52667	1000.0	47.054924	13.574102	72.16832	6.7379174	620000	-3.317895e-08	253.56017	-0.023653412	-179.02798	0.35697693	0.017916454	0.2435	8.0	2879.8267176151276
310	585.3048	35.06082	620.3656	550.24396	1000.0	65.004654	13.197304	85.21934	7.983429	622000	-3.874302e-10	264.8717	-0.017446175	-148.90515	0.3553361	0.015879804	0.243	8.0	2886.8275492191315
311	425.43124	225.03532	650.46655	200.39592	629.5	61.698055	9.476584	77.43815	16.419657	624000	6.8545343e-09	310.21353	-0.016601585	-92.524796	0.35417172	0.016122194	0.1945	7.0	2894.1231818199158
312	420.39804	158.44685	546.6793	196.9518	627.6667	61.3802	12.057405	83.606636	15.798365	626000	2.2090971e-09	522.94446	-0.01759888	-138.48105	0.3535575	0.016771376	0.1965	6.0	2901.799487352371
313	436.6051	91.34288	527.948	345.26224	984.0	42.8651	16.6568	77.400505	4.3118534	628000	1.4305115e-09	201.93826	-0.059283704	-74.35253	0.35301054	0.010299108	0.294	79.0	2910.1273567676544
314	372.07687	90.99051	463.06738	281.08636	590.0	54.123074	7.887127	72.3219	14.521689	630000	1.04755165e-08	291.0774	-0.020934124	-79.531555	0.34708413	0.016118878	0.132	5.0	2917.293944835663
315	574.0966	133.25755	707.3542	440.83908	1000.0	46.281185	12.755927	74.16376	22.898384	632000	2.1874905e-08	143.06297	-0.03051476	-96.74574	0.3469687	0.0151854195	0.296	14.0	2924.5952847003937
316	355.19086	10.927902	366.11877	344.26297	889.0	53.36919	17.152824	83.204185	13.929829	634000	-1.680851e-08	513.1681	-0.024878472	-398.9917	0.34520465	0.01594984	0.263	8.0	2932.115556240082
