Epoch	AverageEpRet	StdEpRet	MaxEpRet	MinEpRet	AverageTestEpRet	StdTestEpRet	MaxTestEpRet	MinTestEpRet	EpLen	TestEpLen	TotalEnvInteracts	AverageQ1Vals	StdQ1Vals	MaxQ1Vals	MinQ1Vals	AverageQ2Vals	StdQ2Vals	MaxQ2Vals	MinQ2Vals	LossPi	LossQ	Time
1	122.414185	35.750267	275.5172	78.46576	64.809555	2.1414475	66.39741	61.399685	24.365854	13.7	1999	10.203831	3.0380554	18.96475	-0.5445839	10.202491	3.0391426	18.426432	-1.2669214	-10.739904	0.87999254	122.20654129981995
2	124.64514	38.42187	239.8235	78.31235	64.33182	2.2899523	66.35301	61.447044	24.8375	13.6	3999	24.193245	7.4222836	42.134552	-3.4118621	24.192896	7.419778	41.72271	-5.814004	-24.107222	2.2764192	379.3582887649536
3	126.002884	39.327534	280.5258	78.4558	64.278435	2.3309624	66.33911	61.358578	24.9875	13.6	5999	37.258484	12.990087	60.954346	-6.343118	37.25791	12.9822445	59.995945	-9.760074	-36.179947	4.445058	685.8217649459839
4	121.70866	32.924286	222.88403	78.69212	62.389565	1.8806293	66.251366	61.26771	24.228916	13.2	7999	38.38401	17.93163	71.09953	-5.1289144	38.385063	17.922827	69.356	-5.5939474	-34.668518	8.478237	991.8104090690613
5	123.398125	34.524445	237.23987	83.098595	62.8079	2.2320666	66.38071	61.226482	24.439024	13.3	9999	31.134602	14.31916	68.66553	-6.7803235	31.136087	14.308696	67.16296	-4.0479956	-27.181019	8.606753	1312.136610507965
6	64.948395	2.3349571	67.20937	61.706127	64.35927	2.3415756	66.38688	61.422688	13.605442	13.6	11999	29.28171	11.619788	55.47934	-5.5279136	29.282122	11.616459	55.32219	-11.031976	-27.13333	4.209772	1640.2418186664581
7	64.89113	2.356833	67.168945	61.76415	64.79525	2.2113082	66.48251	61.3536	13.591837	13.7	13999	31.517883	12.903661	60.938778	-3.02241	31.517662	12.901905	60.578503	-1.8353169	-29.690407	3.4011972	1971.1678647994995
8	64.75393	2.371885	67.11475	61.83617	65.25419	1.8997228	66.31746	61.412407	13.564626	13.8	15999	34.07965	14.741489	66.53051	0.5360743	34.080383	14.740874	65.96519	0.13120443	-33.04027	3.4583807	2306.688815832138
9	64.656685	2.3654726	67.09684	61.81692	64.37881	2.3289776	66.39016	61.33916	13.5472975	13.6	17999	35.92307	16.493984	71.621346	-1.5512223	35.92291	16.493803	71.55454	-1.4690862	-35.117996	3.5677252	2648.785830259323
10	65.05996	2.322175	67.11639	61.854435	62.405632	1.854272	66.186874	61.306152	13.625851	13.2	19999	36.30881	17.178337	73.23393	-1.4621315	36.30878	17.178843	74.4122	-1.8333123	-35.38382	3.3996544	3006.8987352848053
11	64.882385	2.3406353	67.09559	61.80022	64.30582	2.3001828	66.28344	61.342144	13.591837	13.6	21999	36.304474	17.336971	76.52499	-0.68079925	36.30472	17.337337	77.3222	-1.3992698	-35.460514	3.1844084	3362.610837459564
12	65.022125	2.3360975	67.09745	61.83822	64.31029	2.3390505	66.31685	61.318935	13.619047	13.6	23999	36.267986	17.522917	76.55436	-2.3331602	36.267536	17.522902	77.10745	-0.12514049	-35.52818	2.9708114	3743.185041666031
13	64.97976	2.3384428	67.1997	61.75487	65.213715	1.9141504	66.26118	61.344692	13.612245	13.8	25999	36.333664	17.717169	77.5703	0.11431655	36.333244	17.717112	76.49614	-0.061353236	-35.631813	2.8623803	4135.452705144882
14	64.857635	2.3458982	67.08522	61.74588	63.764626	2.3317215	66.352905	61.300594	13.591837	13.5	27999	36.07937	17.799768	76.8711	-2.452354	36.07894	17.80001	76.48721	-1.1331723	-35.46512	2.6936505	4511.326610803604
15	64.777626	2.3686292	67.15291	61.79875	64.35826	2.3025174	66.34491	61.40208	13.571428	13.6	29999	36.095055	17.847546	76.65103	-0.11757386	36.094784	17.847466	77.22047	-1.3689424	-35.500378	2.5017028	4898.904871225357
16	64.69159	2.3798296	67.19555	61.764645	65.157	1.8940378	66.37097	61.35065	13.554054	13.8	31999	35.92232	17.899784	78.03775	-5.5252132	35.92201	17.900127	76.32458	-0.33915016	-35.305683	2.3822715	5294.92379117012
17	64.755936	2.3662465	67.19172	61.827297	64.76709	2.143883	66.313774	61.431828	13.564626	13.7	33999	35.79983	17.91861	78.03143	-0.45279568	35.79973	17.918087	78.001724	-1.5302777	-35.26228	2.2490976	5677.667329549789
18	64.890015	2.3497226	67.171036	61.830162	64.30888	2.3037348	66.32656	61.36663	13.591837	13.6	35999	35.701843	17.938314	78.74269	-2.1930428	35.701824	17.93878	77.73365	-0.43565345	-35.16855	2.192043	6073.734576702118
19	64.89536	2.3438747	67.136284	61.76195	64.36464	2.3670127	66.40919	61.381462	13.5986395	13.6	37999	35.487774	17.890451	77.763565	-1.8508542	35.487537	17.890036	76.573296	-0.34077564	-34.928337	2.1298306	6436.1717031002045
20	64.78241	2.3823218	67.13589	61.794632	65.30615	1.9068213	66.390045	61.433514	13.567568	13.8	39999	35.31735	17.81657	77.91956	-0.30975646	35.317085	17.816193	77.37218	-3.4726477	-34.855396	2.0461507	6811.825702190399
21	64.77959	2.3706248	67.11781	61.79492	63.860344	2.3651073	66.36762	61.3366	13.571428	13.5	41999	35.351303	17.780682	76.84682	-0.1715995	35.351173	17.780739	78.02475	-2.8892634	-34.95483	1.9571927	7175.046578645706
22	64.985344	2.3415103	67.1066	61.769775	64.34741	2.344366	66.35047	61.30862	13.612245	13.6	43999	35.129513	17.787226	75.55414	-0.17826861	35.129326	17.7872	74.60936	0.27219665	-34.722973	1.9256399	7561.044803380966
23	64.436745	2.404547	67.06939	61.82569	63.411793	2.3021502	66.29055	61.471733	13.506757	13.4	45999	35.06239	17.7469	75.775475	-1.1954174	35.061996	17.746756	76.015724	-8.57439	-34.651398	1.8924524	7943.944393396378
24	64.95485	2.3378155	67.11908	61.78676	65.26121	1.87756	66.3977	61.37619	13.605442	13.8	47999	35.01878	17.729944	77.89185	-0.23597234	35.018936	17.729311	76.77088	0.25727212	-34.547962	1.8107156	8342.622579574585
25	64.82692	2.3555963	67.18376	61.799328	64.735214	2.1924052	66.2967	61.262535	13.578231	13.7	49999	34.843624	17.69757	76.94412	-1.2690086	34.84361	17.697504	75.245	-2.506115	-34.432556	1.8056914	8730.367666959763
26	64.983536	2.3554106	67.128	61.779835	63.839264	2.3002005	66.418945	61.4752	13.612245	13.5	51999	34.85473	17.67026	75.95865	0.22982568	34.85453	17.669771	75.64668	-3.016645	-34.49017	1.7309266	9121.475858688354
27	64.822	2.3644097	67.13297	61.72357	64.785934	2.1026478	66.26104	61.542633	13.581081	13.7	53999	34.854977	17.680931	78.7143	-0.14613175	34.854908	17.68109	75.221924	-0.78315073	-34.463554	1.6875461	9517.335894346237
28	64.43576	2.3738892	67.05736	61.815376	65.22234	1.8574926	66.30322	61.474636	13.5	13.8	55999	34.778927	17.662247	76.72768	-2.135603	34.778625	17.662825	75.87218	-0.1850481	-34.422478	1.6934644	9882.295929670334
29	65.11582	2.3004894	67.12677	61.833385	63.868397	2.284208	66.325356	61.54183	13.636987	13.5	57999	34.637245	17.674164	76.46427	-2.0839372	34.637356	17.674025	75.29669	0.25659227	-34.27794	1.6239895	10283.207654714584
30	64.91672	2.3540456	67.05718	61.71968	63.368755	2.2595856	66.22931	61.408596	13.5986395	13.4	59999	34.507423	17.632315	75.214806	-0.08925092	34.507458	17.632662	75.24376	-2.290619	-34.13736	1.598354	10688.58315372467
31	65.12884	2.2982643	67.10931	61.794315	63.81498	2.375237	66.32125	61.257473	13.646258	13.5	61999	34.543674	17.62931	75.376884	-1.8900073	34.543663	17.628675	74.86586	0.18042386	-34.11647	1.5926036	11091.83636021614
32	64.57554	2.3941243	67.089806	61.693027	63.339714	2.3490865	66.3615	61.348446	13.527027	13.4	63999	34.58429	17.595251	75.352036	0.5216214	34.584152	17.595562	74.1384	0.26102036	-34.254433	1.582341	11506.346289873123
33	64.5111	2.3808298	67.10397	61.80595	65.25853	1.8456007	66.34961	61.516766	13.513514	13.8	65999	34.43311	17.620539	75.139694	0.30725378	34.433205	17.62074	73.55862	-1.0864561	-34.13247	1.5457151	11922.864907741547
34	64.83621	2.3494334	67.094154	61.837868	63.402565	2.2680411	66.3026	61.441387	13.585034	13.4	67999	34.43241	17.586226	79.282166	-3.4647758	34.432335	17.585728	74.384636	-1.2171211	-34.107796	1.5212834	12330.089359998703
35	65.25158	2.2400348	67.167046	61.80642	64.77944	2.170937	66.373924	61.319515	13.671233	13.7	69999	34.46148	17.539259	73.92304	0.5805126	34.461494	17.539362	76.1872	-1.3658223	-34.09902	1.5178996	12750.366491317749
36	64.622635	2.3925989	67.12509	61.737156	64.79024	2.1838908	66.43675	61.296154	13.540541	13.7	71999	34.357754	17.535341	73.84134	-4.2691975	34.357784	17.535263	72.83572	0.21961766	-34.083225	1.4785514	13166.79531288147
37	65.00527	2.3088727	67.13049	61.842785	63.877583	2.3840804	66.365166	61.36206	13.619047	13.5	73999	34.430218	17.522495	75.62701	-0.59607655	34.430004	17.522251	73.88363	0.9587647	-34.158882	1.468928	13590.416320800781
38	64.93625	2.3400757	67.10383	61.7964	63.333637	2.3333178	66.30805	61.253025	13.605442	13.4	75999	34.34894	17.477028	74.342575	-1.1533799	34.34883	17.477371	73.233635	-0.41159976	-34.09228	1.4389316	14016.45417881012
39	64.70694	2.3754714	67.13206	61.774464	64.35479	2.359652	66.327866	61.438847	13.557823	13.6	77999	34.306133	17.483686	74.263405	-1.7988346	34.30639	17.483118	76.16763	0.21063852	-34.093803	1.449831	14439.382017374039
40	64.81395	2.3642187	67.11438	61.775524	64.33873	2.3169413	66.43038	61.376656	13.574325	13.6	79999	34.336235	17.525946	73.130035	-0.877775	34.33607	17.525787	77.845924	-1.4141011	-34.033604	1.4326342	14849.543250322342
41	64.71678	2.3821635	67.121475	61.760513	65.237076	1.8472707	66.28008	61.408985	13.557823	13.8	81999	34.25336	17.530373	72.651794	-0.7424476	34.25334	17.530172	74.34287	-0.5250652	-33.981644	1.3960212	15277.488781690598
42	64.823746	2.3611474	67.10923	61.818752	63.829437	2.3382483	66.35011	61.41056	13.581081	13.5	83999	34.238064	17.467115	73.39317	-0.9609342	34.238304	17.466753	74.97342	0.298338	-33.97552	1.3616704	15712.210186243057
43	65.09143	2.3114095	67.148346	61.807476	64.29695	2.3686588	66.255066	61.304176	13.636987	13.6	85999	34.258488	17.446213	76.72598	-3.873303	34.258606	17.446177	73.669716	-3.0813642	-34.01285	1.3638588	16151.629463672638
44	65.2418	2.2498705	67.100235	61.822773	64.315475	2.4212785	66.42392	61.251537	13.666667	13.6	87999	34.216152	17.486673	74.44345	-3.1449916	34.21604	17.48626	73.66861	-4.5153284	-33.962017	1.3712058	16594.629192590714
45	64.99821	2.3234289	67.132996	61.7471	64.738846	2.200122	66.37105	61.265545	13.616438	13.7	89999	34.204514	17.501072	74.01001	-1.5267267	34.20452	17.500834	71.85477	-0.0011256933	-33.962	1.3606812	17046.181208610535
46	64.91397	2.348753	67.10527	61.760384	65.72155	1.4066248	66.30529	61.51035	13.5986395	13.9	91999	34.218006	17.485254	74.79983	-0.4181745	34.21808	17.484983	74.1637	0.70879906	-33.99368	1.3390259	17503.827789068222
47	65.19669	2.2747571	67.089005	61.671814	64.784775	2.2277956	66.4073	61.29722	13.659863	13.7	93999	34.14507	17.54036	72.08506	-2.3645718	34.145226	17.54029	72.89293	-0.14497799	-33.865486	1.3535762	17961.248975276947
48	65.03688	2.3258924	67.090096	61.788124	64.32819	2.3411188	66.34052	61.34284	13.619047	13.6	95999	34.22767	17.496944	76.97208	-4.0378113	34.227467	17.496689	75.638466	0.021875322	-34.00525	1.332178	18414.022979974747
49	64.82839	2.3564548	67.123116	61.81098	63.344055	2.3244345	66.30201	61.354416	13.578231	13.4	97999	34.143524	17.525152	75.09278	-2.617842	34.14356	17.52529	73.18669	-0.5644862	-33.91794	1.3368565	18879.489981651306
50	65.062294	2.3062384	67.089485	61.81424	63.835186	2.3957944	66.32956	61.215816	13.632653	13.5	99999	34.070324	17.5321	72.40298	0.060172915	34.070324	17.53182	73.0018	0.17660934	-33.88999	1.3152055	19344.0821120739
51	64.96909	2.3416522	67.09005	61.76531	64.78062	2.1568532	66.30268	61.342255	13.612245	13.7	101999	34.14228	17.48008	76.23733	-6.5570903	34.142265	17.479948	74.27319	-1.2113373	-33.97909	1.2968692	19812.341497421265
52	64.43476	2.4121654	67.099945	61.743435	64.847	2.1904736	66.416695	61.387157	13.5	13.7	103999	34.222157	17.495838	72.34397	-17.454536	34.22216	17.49587	74.72257	-4.274976	-34.03945	1.2908269	20284.913993358612
53	64.94386	2.3338072	67.09285	61.78865	64.34572	2.3232224	66.44176	61.353733	13.605442	13.6	105999	34.108887	17.508642	72.48697	-6.5486255	34.108936	17.508492	73.09275	-3.1100357	-33.887882	1.2955142	20767.19049501419
54	65.012344	2.3285751	67.14303	61.783623	63.791374	2.3365564	66.16966	61.3432	13.619047	13.5	107999	34.105587	17.501009	85.86491	-3.1916847	34.10545	17.501081	72.66192	-0.02591616	-33.944054	1.2787142	21245.407696008682
55	65.05795	2.2941375	67.09022	61.80227	64.3082	2.2695246	66.32866	61.41449	13.630137	13.6	109999	34.071014	17.487404	73.07545	-4.1221776	34.071014	17.487343	75.54512	-1.4815643	-33.836395	1.2648884	21722.689886808395
56	65.13747	2.285575	67.01421	61.81002	64.786026	2.1769538	66.387215	61.434456	13.646258	13.7	111999	34.015274	17.482233	72.308685	-3.1950974	34.015278	17.482016	72.206184	-3.402244	-33.871456	1.2783289	22211.1852478981
57	64.61677	2.3807082	67.080925	61.786705	64.366394	2.309806	66.4002	61.471855	13.533784	13.6	113999	34.122925	17.497492	72.15823	-3.2720337	34.122707	17.497282	74.01009	0.10371536	-33.94649	1.2555579	22706.3099296093
58	64.911316	2.3589501	67.09164	61.76116	64.33028	2.2964773	66.39049	61.42224	13.5986395	13.6	115999	34.103794	17.490543	71.66308	0.14299232	34.10378	17.49052	71.86154	-1.0103192	-33.931995	1.2364701	23203.47942852974
59	64.62936	2.3869004	67.16155	61.779545	65.22736	1.8822922	66.2194	61.427567	13.540541	13.8	117999	34.09174	17.502987	73.52652	-0.12811387	34.091583	17.502813	74.385155	-4.494526	-33.85752	1.2455844	23705.33852314949
60	64.865845	2.341137	67.13049	61.84341	64.80571	2.1947818	66.41076	61.373463	13.585034	13.7	119999	34.064644	17.479053	71.13324	-1.3656249	34.064747	17.479244	70.557304	0.16385835	-33.88517	1.2202721	24217.673977851868
61	64.86953	2.3372548	67.187935	61.86468	64.35003	2.30301	66.29955	61.502243	13.591837	13.6	121999	34.085945	17.516884	72.073654	-0.3822664	34.085773	17.516768	72.71769	-1.1986737	-33.86459	1.2282627	24739.52837252617
62	64.75675	2.3730695	67.12598	61.802654	63.84126	2.3987827	66.355736	61.383392	13.564626	13.5	123999	34.04168	17.477213	71.49179	-0.03857255	34.041588	17.476982	75.48579	-1.0162625	-33.7786	1.2421495	25268.111750602722
63	65.02813	2.3216794	67.15347	61.748367	64.34065	2.3288414	66.334564	61.35649	13.625851	13.6	125999	34.07294	17.500261	71.23246	-5.3421955	34.072777	17.5	74.832985	-2.387364	-33.857483	1.2354834	25817.663175582886
64	64.734955	2.357513	67.082504	61.82131	63.42804	2.3453305	66.44976	61.399456	13.560811	13.4	127999	34.0094	17.491322	76.35148	1.2649106	34.009315	17.491411	72.78305	-1.1938639	-33.860428	1.2108641	26380.436911821365
65	64.94563	2.336309	67.11112	61.804165	63.381786	2.319985	66.313515	61.40866	13.605442	13.4	129999	33.981087	17.470192	73.66933	-0.6929873	33.981007	17.470201	70.61642	-0.727051	-33.75767	1.1694354	26963.75118613243
66	64.9373	2.335167	67.08397	61.72347	63.841633	2.3621376	66.352936	61.318726	13.605442	13.5	131999	33.943424	17.476778	74.93236	0.59526956	33.943455	17.476522	73.15854	-0.48631865	-33.734993	1.2100463	27552.59934425354
67	65.289894	2.2374496	67.104485	61.737064	63.848602	2.419479	66.35894	61.242126	13.678082	13.5	133999	34.047115	17.489876	73.87532	1.0236787	34.047073	17.489698	72.073166	-0.036603272	-33.854374	1.2104064	28160.25907611847
68	64.98916	2.3353624	67.09806	61.74878	62.954967	2.1986942	66.38067	61.417767	13.612245	13.3	135999	34.009228	17.52298	71.99822	-4.421629	34.0092	17.522667	71.43931	-1.7081101	-33.832516	1.2195572	28771.051750183105
69	64.822395	2.3846729	67.13658	61.753384	63.878548	2.4104078	66.374146	61.27599	13.578231	13.5	137999	33.994137	17.48493	72.37711	-7.555766	33.99416	17.484648	73.90339	-1.8664374	-33.812534	1.1953186	29396.034286260605
70	65.0088	2.3132925	67.055954	61.846146	64.338394	2.2852366	66.41875	61.46491	13.619047	13.6	139999	34.033337	17.519295	71.89163	-0.9783945	34.03317	17.519342	71.85431	-2.3962393	-33.7947	1.1917375	30025.297465324402
71	65.19577	2.2868176	67.09597	61.794624	63.354675	2.3485274	66.41456	61.386646	13.657535	13.4	141999	33.961746	17.500605	73.31549	1.4469967	33.961662	17.500301	71.90012	-0.07627118	-33.797478	1.1776426	30654.827194929123
72	65.22787	2.2489598	67.13562	61.76948	64.71565	2.1155658	66.28008	61.300163	13.666667	13.7	143999	34.01415	17.498346	72.016205	-0.24986374	34.01405	17.498468	75.5423	0.77433646	-33.78861	1.1691085	31293.625867843628
73	64.65514	2.3642173	67.11272	61.83813	64.77151	2.1616251	66.2784	61.320633	13.544218	13.7	145999	33.961334	17.523438	72.55721	-6.8389015	33.961315	17.523071	72.60304	0.07824147	-33.770412	1.1741809	31932.73007273674
74	64.84704	2.376408	67.14526	61.8602	63.380646	2.292376	66.285034	61.43027	13.581081	13.4	147999	34.05398	17.470524	71.18302	-3.0765786	34.053844	17.470776	72.824036	-1.6124398	-33.917126	1.1578999	32570.73787689209
75	65.26936	2.2736034	67.10456	61.793537	64.822495	2.2046525	66.40367	61.367744	13.671233	13.7	149999	33.983383	17.496529	76.9804	-0.006143093	33.983334	17.49659	73.91853	-1.3394413	-33.81651	1.1628345	33212.734558582306
76	65.03366	2.3165147	67.11491	61.804974	64.268	2.3011184	66.42548	61.31254	13.625851	13.6	151999	33.95483	17.49847	75.13047	-1.0681295	33.954712	17.49842	75.160675	-0.99911106	-33.75727	1.175948	33858.800558805466
77	65.00208	2.3389418	67.08575	61.813957	63.89076	2.3768904	66.363815	61.414356	13.619047	13.5	153999	34.032047	17.50577	75.96332	-2.6634936	34.032047	17.505756	72.53735	-1.6328223	-33.912235	1.1685065	34496.60763382912
78	65.156555	2.2605824	67.08497	61.815422	64.25206	2.3302543	66.29968	61.300163	13.650685	13.6	155999	33.989414	17.501966	70.85222	-1.0333067	33.989494	17.501953	71.04402	-1.066006	-33.80878	1.154852	35127.4671292305
79	64.58046	2.3827221	67.08019	61.761143	63.805756	2.4179058	66.3245	61.261337	13.527027	13.5	157999	34.00232	17.51055	72.74454	-0.84834015	34.002113	17.510836	69.980286	-0.433689	-33.83447	1.1649394	35769.22950434685
80	64.50209	2.3728998	67.03736	61.801075	63.361656	2.3168147	66.28419	61.329353	13.513514	13.4	159999	34.049305	17.534286	75.827576	-2.1495256	34.049248	17.533916	73.36366	-1.2254577	-33.838566	1.1563427	36406.20429396629
81	64.39304	2.388425	67.08775	61.802383	64.761856	2.1672342	66.41998	61.369698	13.493243	13.7	161999	33.953476	17.537975	71.907196	-2.362592	33.95327	17.538021	71.50537	-2.372861	-33.810368	1.1773337	37053.24629735947
82	65.170746	2.2581706	67.19888	61.8322	64.81064	2.16205	66.363144	61.407665	13.653061	13.7	163999	34.01441	17.554844	72.34427	-5.127873	34.014355	17.555212	72.82446	-2.706284	-33.762215	1.1515418	37702.05396389961
83	64.89715	2.3447115	67.14994	61.770073	64.77287	2.1402335	66.419754	61.40232	13.5986395	13.7	165999	33.965584	17.564428	72.96635	-4.119911	33.965534	17.564049	76.70962	-0.16966438	-33.81596	1.167253	38360.32109165192
84	65.0709	2.3024225	67.14834	61.765724	64.78835	2.1710346	66.36292	61.3277	13.630137	13.7	167999	33.946144	17.505915	70.85945	0.028061748	33.94613	17.50599	72.22269	-0.43077874	-33.80803	1.13597	39018.77265954018
85	64.8242	2.3527205	67.057014	61.83187	64.79054	2.1814072	66.342636	61.385353	13.574325	13.7	169999	33.95037	17.532455	70.74924	-3.6665168	33.950283	17.532505	71.83957	-3.041768	-33.81975	1.1358342	39675.19532370567
86	64.8505	2.3534894	67.1151	61.797928	65.218765	1.9316217	66.293724	61.303043	13.585034	13.8	171999	33.990803	17.529684	71.42203	-2.0042257	33.990788	17.529812	74.14365	-4.247962	-33.79601	1.1494249	40337.4167611599
87	65.32439	2.2182095	67.05777	61.811462	64.30017	2.283163	66.33228	61.336334	13.684932	13.6	173999	33.985985	17.53361	69.888145	-6.2306914	33.985935	17.533518	70.02975	0.5297301	-33.79695	1.1367532	41000.85797071457
88	64.84594	2.3611884	67.19523	61.769222	63.787834	2.3653648	66.3527	61.27563	13.585034	13.5	175999	34.01724	17.580706	70.7328	-7.036031	34.01753	17.580229	74.8409	-1.5046284	-33.830433	1.1443985	41660.051429986954
89	64.80285	2.3546355	67.15713	61.721573	64.314766	2.3105614	66.366936	61.38444	13.574325	13.6	177999	33.965557	17.539097	71.09635	-4.18165	33.96537	17.539518	70.61849	-5.7088013	-33.731823	1.1316245	42324.712651729584
90	64.9127	2.35447	67.15293	61.80355	64.262825	2.342386	66.2551	61.28351	13.5986395	13.6	179999	33.89475	17.552076	73.707184	-1.5864334	33.894623	17.551947	70.92101	-1.042162	-33.71963	1.1227033	42984.80395412445
91	64.773636	2.395451	67.10194	61.746666	63.38143	2.336356	66.29628	61.314983	13.571428	13.4	181999	33.8653	17.537024	69.18049	-3.2387853	33.86515	17.537361	70.92073	-2.705604	-33.726543	1.1418886	43644.09915137291
92	64.757835	2.3762164	67.07449	61.731945	65.23191	1.8451868	66.2884	61.5431	13.567568	13.8	183999	33.958664	17.519316	75.786736	-0.045697927	33.958855	17.519005	72.000336	-1.1757938	-33.851917	1.1330051	44310.95661520958
93	64.85606	2.357425	67.11964	61.787014	64.2233	2.3019576	66.21556	61.289017	13.585034	13.6	185999	33.886913	17.579622	73.66537	-1.9165775	33.88704	17.579384	73.67471	0.5588658	-33.74675	1.1254797	44972.069970846176
94	64.86193	2.3485157	67.187485	61.874687	65.189995	1.895485	66.380066	61.391033	13.585034	13.8	187999	33.954685	17.532068	70.49064	-4.632462	33.954563	17.532173	70.72911	-0.37322807	-33.808895	1.1181731	45633.94080781937
95	64.63957	2.3817105	67.10216	61.791664	63.85151	2.355436	66.3648	61.346443	13.540541	13.5	189999	33.908092	17.549465	72.4671	-1.0700061	33.90798	17.549446	70.21875	0.0061312914	-33.738804	1.0923102	46302.165311813354
96	65.253815	2.2487795	67.11314	61.759956	63.88146	2.3873477	66.38801	61.389103	13.671233	13.5	191999	33.944134	17.562456	72.59576	-1.0922523	33.94416	17.562262	74.67457	-0.8905833	-33.83699	1.1207136	46928.32872533798
97	65.042015	2.312795	67.11843	61.754597	64.27961	2.3223605	66.3647	61.327682	13.625851	13.6	193999	33.9372	17.559895	69.30986	-0.9169246	33.93712	17.560007	70.42872	0.5930196	-33.760593	1.0997957	47484.32743215561
98	64.9163	2.336606	67.059135	61.81583	65.20677	1.9419473	66.364044	61.327206	13.605442	13.8	195999	33.91799	17.583462	70.58628	-3.137454	33.91794	17.583485	70.249886	1.5984342	-33.719753	1.1271797	48035.12569451332
99	64.801414	2.366244	67.146774	61.826904	62.37679	1.9431982	66.27463	61.317413	13.571428	13.2	197999	33.93095	17.543295	69.96055	-2.5964284	33.930954	17.543093	72.10483	-2.3145912	-33.832733	1.1179792	48587.844115018845
100	64.91809	2.353751	67.146484	61.82495	65.69888	1.4534221	66.31139	61.34575	13.5986395	13.9	199999	33.966663	17.566555	69.8978	-13.873523	33.966743	17.56641	69.46531	-4.766919	-33.849506	1.1088706	49137.576962947845
101	64.93904	2.3266063	67.1214	61.771866	64.78681	2.2022853	66.43472	61.268944	13.605442	13.7	201999	33.925526	17.570974	69.943146	-1.2026135	33.925354	17.571056	73.45738	-0.97992134	-33.771423	1.1120025	49735.810428619385
102	64.898254	2.3430045	67.16207	61.79691	64.767166	2.1992793	66.3511	61.24455	13.591837	13.7	203999	33.936653	17.580902	71.58341	-1.8941165	33.936607	17.580906	71.488	1.0381271	-33.784977	1.1085099	50352.0984210968
103	64.92971	2.3449948	67.11449	61.80858	64.233826	2.2541177	66.123245	61.27884	13.5986395	13.6	205999	33.999596	17.561268	74.16107	-1.7300488	33.99967	17.561186	75.30642	-1.1201957	-33.86665	1.1065023	50971.791544914246
104	65.25351	2.2461922	67.20049	61.808334	63.828968	2.4046712	66.29893	61.276783	13.67347	13.5	207999	33.97307	17.572447	73.91223	-0.7228807	33.972866	17.572355	77.24923	-0.8948113	-33.894985	1.0953324	51590.7792096138
105	64.84709	2.3516846	67.10614	61.823467	63.388317	2.231642	66.21928	61.37299	13.585034	13.4	209999	33.937744	17.573029	72.33072	-2.6378112	33.93775	17.573116	70.23102	-0.5152985	-33.770702	1.0994967	52215.33533883095
106	64.963585	2.32371	67.103485	61.847416	65.24566	1.839968	66.397575	61.533035	13.612245	13.8	211999	33.94107	17.597607	73.306145	-2.0490322	33.941086	17.59745	80.008316	-2.9273221	-33.74996	1.104565	52802.761255025864
107	64.90916	2.3527334	67.138664	61.74855	64.315735	2.3308833	66.37235	61.443153	13.5986395	13.6	213999	33.971394	17.589628	69.92478	-0.28845882	33.97135	17.589617	70.62464	-1.5952181	-33.838963	1.0897485	53364.892501592636
108	65.15327	2.2714896	67.065765	61.850174	65.31069	1.9195812	66.370995	61.434113	13.650685	13.8	215999	33.942043	17.598682	76.449554	-0.9522401	33.94193	17.598831	74.57804	-0.26356328	-33.752758	1.0975327	53969.19801282883
109	64.74576	2.3663487	67.15042	61.843292	63.811363	2.349508	66.41113	61.37636	13.560811	13.5	217999	33.96835	17.569078	72.223175	0.44816273	33.96826	17.568855	73.10823	-0.23536563	-33.871544	1.0927355	54587.83496260643
110	64.75338	2.3504963	67.08299	61.697784	63.88449	2.3596911	66.42189	61.460075	13.564626	13.5	219999	33.997414	17.602388	71.94251	-2.111217	33.997295	17.602402	71.05569	-1.7434592	-33.80936	1.0837868	55204.17200899124
111	64.60598	2.3819885	67.11408	61.729572	64.33129	2.3025641	66.39552	61.469013	13.533784	13.6	221999	33.94623	17.597153	71.153366	-13.918699	33.946125	17.596895	71.315506	-8.317094	-33.791885	1.0922407	55822.78365921974
112	64.736725	2.3749697	67.17334	61.79201	65.2561	1.8426805	66.241486	61.54781	13.560811	13.8	223999	33.90157	17.58752	72.33719	-0.72058165	33.901573	17.587576	71.91591	-2.8855152	-33.750324	1.1003866	56438.02388238907
113	64.95974	2.3162603	67.159904	61.864544	65.24906	1.8904952	66.316734	61.368534	13.605442	13.8	225999	33.90825	17.627018	73.16556	-1.9226362	33.908195	17.626913	70.76004	-2.2409723	-33.69417	1.1047385	57054.49365854263
114	64.89785	2.3512843	67.118225	61.753002	64.78177	2.1699731	66.3787	61.329277	13.591837	13.7	227999	33.936626	17.606163	70.97364	0.03955555	33.936485	17.606415	69.752556	-3.425015	-33.78258	1.088577	57667.23249602318
115	64.80558	2.3727472	67.1358	61.835377	65.23825	1.9078175	66.336426	61.38581	13.578231	13.8	229999	33.89836	17.555336	70.96532	0.0187608	33.898327	17.555452	70.76328	-0.035637736	-33.788227	1.0845001	58283.676731824875
116	64.838875	2.3574479	67.1163	61.769676	63.887806	2.3309746	66.322784	61.492157	13.585034	13.5	231999	33.95315	17.635454	73.361595	-5.622369	33.953056	17.635395	73.09998	1.1451346	-33.833096	1.0862648	58910.30834674835
117	65.04125	2.3282933	67.15841	61.76716	63.82856	2.35658	66.2759	61.26174	13.625851	13.5	233999	33.980072	17.60131	70.43174	-5.0927677	33.979862	17.601547	69.63724	-0.66913354	-33.867306	1.075293	59541.25790476799
118	64.73291	2.3818572	67.11408	61.804222	65.24427	1.8964825	66.32709	61.423985	13.560811	13.8	235999	33.903908	17.57354	70.29307	-2.1901565	33.903767	17.573755	70.889305	-0.74429214	-33.687748	1.0684426	60177.03766584396
119	64.7316	2.3784285	67.11416	61.732082	63.84307	2.341937	66.33703	61.38834	13.557823	13.5	237999	33.927208	17.601194	70.88588	-1.5419363	33.92718	17.601286	69.32908	-3.0257294	-33.807148	1.0921311	60761.511320352554
120	65.04057	2.3081608	67.0918	61.8164	65.248985	1.9274926	66.444626	61.372913	13.625851	13.8	239999	33.888073	17.597832	70.01754	-5.1074796	33.888065	17.59757	68.772224	-17.874332	-33.69439	1.0809126	61324.786969184875
121	64.73665	2.3697016	67.090515	61.838467	62.88105	2.1908562	66.23024	61.22399	13.564626	13.3	241999	33.934994	17.617495	69.84285	-0.28041637	33.93508	17.617403	69.915855	-3.115934	-33.821163	1.0868709	61890.46141576767
122	64.82783	2.3677797	67.148674	61.800312	65.27998	1.9514278	66.42659	61.22787	13.581081	13.8	243999	33.98231	17.608154	71.48831	-1.7945997	33.982338	17.607946	75.82908	-1.5430459	-33.784134	1.0759186	62454.269423246384
123	65.327286	2.2103186	67.15442	61.757175	65.689095	1.4291149	66.37811	61.414936	13.684932	13.9	245999	33.90898	17.536581	71.841415	-0.20518291	33.90882	17.53678	74.49467	-0.08640158	-33.760098	1.0570902	63022.445286273956
124	65.10039	2.2840195	67.129906	61.862793	64.784904	2.147242	66.34437	61.464073	13.636987	13.7	247999	34.04856	17.604599	76.769485	-4.049523	34.04846	17.604647	72.215294	-4.5355654	-33.872158	1.0740722	63592.558735609055
125	64.71755	2.3704526	67.10368	61.803215	64.34737	2.337445	66.334076	61.361874	13.560811	13.6	249999	33.94773	17.618776	71.02819	-0.79469097	33.94771	17.618822	69.0422	-4.1372504	-33.792133	1.0622321	64158.873732089996
126	64.64158	2.3692193	67.06252	61.773205	66.18692	0.11590072	66.38356	66.00558	13.540541	14.0	251999	33.901016	17.586924	72.314095	-1.9293149	33.90098	17.587133	72.05046	-0.09293306	-33.722195	1.0511339	64726.480590581894
127	64.95349	2.3467622	67.16911	61.78044	64.77516	2.1378744	66.25805	61.367626	13.609589	13.7	253999	34.00508	17.614344	71.287155	-8.6464615	34.004967	17.614439	69.30232	-3.9114685	-33.849087	1.0856769	65292.70743584633
128	64.6016	2.385819	67.073166	61.75363	64.25913	2.2922606	66.240486	61.36528	13.533784	13.6	255999	33.91492	17.613638	71.079475	-2.3362098	33.91496	17.613604	74.12047	-0.42167902	-33.771763	1.0789846	65868.16409564018
129	64.609985	2.3619869	67.05858	61.72969	63.805534	2.4228864	66.30128	61.1986	13.533784	13.5	257999	33.85246	17.614117	69.85185	-0.035329223	33.85247	17.61379	74.800156	0.48442006	-33.710964	1.0789073	66442.36246299744
130	65.12764	2.2777653	67.13541	61.8659	63.318645	2.2764833	66.18651	61.264935	13.639456	13.4	259999	33.983433	17.626455	71.04117	-1.5798986	33.983463	17.626568	72.203835	-7.3595304	-33.905407	1.0861025	67014.32141256332
131	64.67852	2.3791914	67.065575	61.81073	63.855396	2.431554	66.45572	61.28867	13.551021	13.5	261999	33.96047	17.59187	70.97513	-1.249322	33.96035	17.591986	74.37708	0.21251893	-33.792553	1.0576355	67586.71363854408
132	64.85407	2.3554132	67.11253	61.748035	64.76265	2.1592562	66.43727	61.407497	13.585034	13.7	263999	33.97887	17.591373	70.36658	-3.8885915	33.978745	17.591503	71.09188	-7.4519806	-33.84476	1.0620898	68160.64795994759
133	64.57941	2.397681	67.115234	61.845898	64.77803	2.1897714	66.36008	61.308876	13.527027	13.7	265999	33.874493	17.618567	75.94653	-7.417838	33.87451	17.618416	73.09541	-2.8237224	-33.705482	1.0762278	68736.4938390255
134	65.04867	2.2965295	67.058	61.846043	64.24138	2.299764	66.173225	61.31327	13.625851	13.6	267999	33.91957	17.626999	73.162735	-2.5629659	33.919422	17.627045	70.97586	-2.972448	-33.74096	1.0797532	69311.77028441429
135	64.9876	2.3355742	67.11747	61.79965	64.75531	2.154835	66.25251	61.306255	13.612245	13.7	269999	33.931725	17.64426	68.1085	-1.6775397	33.931694	17.644407	68.846214	-1.55633	-33.811825	1.0645051	69891.06473302841
136	65.003006	2.3146563	67.08943	61.66745	64.7225	2.1474147	66.29372	61.37308	13.619047	13.7	271999	33.923664	17.612926	70.045654	-1.903366	33.923626	17.61248	69.89079	-4.3861437	-33.698757	1.0726475	70466.47382378578
137	65.08542	2.317443	67.185135	61.857704	64.73552	2.180733	66.30146	61.268066	13.632653	13.7	273999	33.92185	17.61119	70.56387	-5.585968	33.92184	17.611063	73.30717	-5.978217	-33.763462	1.0564914	71040.47419929504
138	64.740425	2.3790634	67.10742	61.82445	64.39436	2.3104267	66.45297	61.538002	13.557823	13.6	275999	33.906998	17.64391	72.43192	-2.3597424	33.90698	17.644081	71.3969	-1.4564031	-33.754723	1.0708745	71620.01118063927
139	64.91784	2.3516645	67.17639	61.866245	64.3706	2.310864	66.351944	61.379032	13.5986395	13.6	277999	33.91638	17.65014	70.61823	-3.445185	33.91633	17.650063	72.76209	0.6220025	-33.76179	1.0756989	72201.62478113174
140	64.86161	2.3610039	67.16789	61.834488	64.269485	2.2517047	66.20597	61.360497	13.585034	13.6	279999	33.92938	17.620497	69.99374	-4.3849063	33.92935	17.620628	71.5053	0.33263397	-33.812466	1.0369712	72778.31814861298
141	64.396614	2.3949454	67.14377	61.752426	64.34682	2.3850782	66.48242	61.313953	13.489933	13.6	281999	33.941334	17.631271	69.40546	-0.58645904	33.94135	17.631184	71.729355	-16.728363	-33.788242	1.0611409	73359.30629563332
142	64.623634	2.391621	67.1595	61.79177	63.829002	2.4165273	66.3784	61.324745	13.537415	13.5	283999	33.9387	17.63666	71.15455	-5.5894995	33.938663	17.636646	68.92248	-0.4181894	-33.824867	1.052334	73937.19190096855
143	64.98881	2.336213	67.16753	61.766857	64.380745	2.2894099	66.28855	61.424423	13.612245	13.6	285999	33.880634	17.621492	75.54322	-4.632482	33.880566	17.621756	71.39448	1.0258735	-33.774273	1.065413	74521.20136213303
144	65.19578	2.247768	67.05791	61.8043	65.288376	1.8864899	66.3761	61.507957	13.659863	13.8	287999	33.96161	17.637688	72.19124	-0.019683123	33.9615	17.637747	69.05279	-1.2524055	-33.837204	1.0599048	75100.4585840702
145	64.84398	2.3552973	67.14198	61.795357	62.95276	2.1730387	66.42942	61.389133	13.585034	13.3	289999	33.959774	17.631447	69.674286	-3.0343547	33.95979	17.631468	70.79773	0.94113076	-33.868744	1.0668261	75678.57845377922
146	64.57461	2.3820264	67.119675	61.83075	64.30335	2.316339	66.31584	61.262474	13.527027	13.6	291999	33.97774	17.628609	72.25946	-0.36841297	33.97764	17.628609	79.23035	-0.97484136	-33.763847	1.0530999	76262.12288737297
147	64.88022	2.3670402	67.07443	61.783695	64.28427	2.3598135	66.35702	61.255836	13.591837	13.6	293999	33.958286	17.673708	69.02152	-1.2785422	33.958183	17.673895	67.68472	-2.4650073	-33.760853	1.0581486	76845.09853076935
148	64.88949	2.338756	67.14138	61.831394	64.30879	2.2911336	66.258934	61.288067	13.591837	13.6	295999	33.936844	17.647198	69.88251	-3.7567248	33.936768	17.64714	72.45773	-2.262051	-33.751835	1.0612642	77428.68248128891
149	65.13446	2.280603	67.15664	61.745872	63.89274	2.3219829	66.384834	61.423206	13.646258	13.5	297999	33.937786	17.621193	71.016235	-1.450288	33.93794	17.620956	70.58839	-0.775638	-33.744835	1.0557168	78009.10335636139
150	64.735214	2.3849714	67.123436	61.75924	64.29872	2.2866998	66.35339	61.206383	13.557823	13.6	299999	33.92281	17.667938	71.73677	-0.8234898	33.922604	17.668016	70.72067	0.4727205	-33.71038	1.0628611	78599.13860726357
151	64.76527	2.3811848	67.12474	61.81077	63.80835	2.3551505	66.3185	61.350014	13.567568	13.5	301999	33.991993	17.677164	69.723045	-1.456842	33.99207	17.677156	70.17497	-2.4401083	-33.877213	1.0485123	79184.33459711075
152	64.9534	2.339718	67.12032	61.84649	63.82597	2.3399673	66.25101	61.300144	13.605442	13.5	303999	33.96183	17.67953	70.42388	-3.122335	33.961674	17.679495	69.75841	-2.8451724	-33.766586	1.0546157	79771.75662875175
153	64.85153	2.3735287	67.13575	61.770916	65.74213	1.404663	66.42593	61.545017	13.585034	13.9	305999	33.963467	17.690111	72.80588	-3.229239	33.963554	17.690083	71.33226	-0.5956408	-33.740986	1.0615866	80362.7895231247
154	64.821106	2.3590453	67.196465	61.769985	65.30915	1.9194834	66.447426	61.44317	13.578231	13.8	307999	33.936146	17.626177	68.98761	-1.8664016	33.935986	17.626183	73.52414	-0.38723934	-33.797104	1.0521858	80958.89669680595
155	64.78856	2.3517985	67.13784	61.791096	64.2854	2.3389943	66.45117	61.26308	13.571428	13.6	309999	33.909546	17.691816	70.97187	-0.903535	33.909466	17.69171	70.50953	-3.7143302	-33.69576	1.0658202	81556.52062273026
156	64.81969	2.3441339	67.193	61.81597	64.34752	2.2585738	66.37906	61.497173	13.581081	13.6	311999	33.996513	17.682467	68.79454	-0.62346804	33.99634	17.682833	69.061195	-2.2985344	-33.799946	1.0466982	82149.36547803879
157	64.77661	2.3645244	67.150826	61.725174	65.29906	1.8469319	66.3411	61.531235	13.571428	13.8	313999	33.908184	17.657272	70.291214	-0.8321742	33.908073	17.657438	68.07926	-4.5211596	-33.737743	1.0545295	82740.46933341026
158	65.102295	2.3028777	67.13235	61.753025	63.809315	2.3785787	66.323265	61.342007	13.639456	13.5	315999	33.99647	17.674902	69.64019	-1.2074502	33.996532	17.674664	68.9935	-5.130364	-33.862816	1.0630082	83333.3466770649
159	64.847015	2.3547335	67.16338	61.786076	65.24912	1.8967712	66.43546	61.371445	13.585034	13.8	317999	33.91231	17.693245	71.71069	-4.3712425	33.912304	17.693167	74.106	-7.1024027	-33.78169	1.0528688	83921.25735402107
160	64.93403	2.3417616	67.211365	61.74715	64.3116	2.354444	66.39837	61.33269	13.5986395	13.6	319999	33.969727	17.678467	70.58906	-0.17070317	33.96969	17.678434	68.275185	-2.400289	-33.81728	1.0514221	84515.39776444435
161	64.85102	2.371264	67.159904	61.821888	64.31079	2.253542	66.34082	61.46028	13.585034	13.6	321999	33.924004	17.706497	69.5962	-0.28896832	33.924007	17.70654	72.1056	-0.096156836	-33.70813	1.0626044	85105.8964111805
162	64.83739	2.3753643	67.10096	61.752087	64.28922	2.3679187	66.41677	61.242714	13.581081	13.6	323999	33.891087	17.651237	78.68036	-6.6428466	33.89103	17.650917	70.852234	-1.7777784	-33.64711	1.0439204	85699.89740991592
163	64.841156	2.3544505	67.145	61.798912	64.32559	2.323017	66.39256	61.35837	13.585034	13.6	325999	33.90059	17.669153	69.83848	-10.459711	33.900578	17.669163	71.10873	-0.86954415	-33.699806	1.0524837	86289.5357325077
164	64.46157	2.3830118	67.074234	61.831684	64.82269	2.1703296	66.41496	61.317562	13.5	13.7	327999	33.941284	17.659058	70.606224	-4.5677285	33.94121	17.659056	67.76762	-2.8283508	-33.85354	1.0384985	86883.67425346375
165	64.658485	2.3740194	67.14254	61.770096	63.830364	2.3398848	66.317505	61.234207	13.551021	13.5	329999	33.90657	17.651289	71.7014	-3.8043022	33.90653	17.651247	71.49401	-0.013554692	-33.78139	1.0391897	87477.8904197216
166	64.82995	2.366823	67.09402	61.810535	63.330208	2.3097157	66.40507	61.339645	13.581081	13.4	331999	33.945744	17.635487	70.126396	-5.95065	33.945766	17.635395	69.62893	-1.7969006	-33.810844	1.0365698	88074.73294091225
167	64.759995	2.3590295	67.1368	61.824696	64.80275	2.1439087	66.338234	61.449818	13.564626	13.7	333999	33.93856	17.682608	70.99169	-2.151775	33.93834	17.682802	68.62637	-2.394177	-33.78913	1.0377632	88671.828302145
168	64.82775	2.3414829	67.160385	61.71121	64.27453	2.322492	66.39101	61.241547	13.585034	13.6	335999	33.91964	17.683855	69.33864	-0.7659445	33.91964	17.68375	71.07393	-3.5276794	-33.785923	1.0500537	89306.31235599518
169	64.98052	2.3425772	67.1393	61.84657	64.78331	2.2008288	66.37855	61.26886	13.612245	13.7	337999	33.914753	17.692398	71.05324	-1.1305317	33.91468	17.692638	71.37099	-4.4905024	-33.781822	1.0474935	89954.6485710144
170	64.78364	2.3553104	67.10607	61.816463	64.74392	2.1676705	66.35023	61.375027	13.574325	13.7	339999	33.951782	17.67672	71.088326	0.30512905	33.951588	17.67693	69.28851	0.10192084	-33.785374	1.0414697	90597.528475523
171	65.08591	2.3063107	67.15586	61.71918	65.712074	1.4021548	66.348564	61.516132	13.636987	13.9	341999	33.940296	17.685593	68.89831	-1.5490016	33.940407	17.685555	69.87744	-4.465111	-33.84733	1.0504588	91241.43525862694
172	64.70142	2.3828073	67.11883	61.77459	63.78615	2.3293927	66.353806	61.353256	13.554054	13.5	343999	33.99835	17.69305	71.93198	-0.30615413	33.998135	17.692865	69.352356	-4.3610134	-33.825382	1.0459688	91885.07047820091
173	64.66855	2.375855	67.11911	61.81523	62.873466	2.1985528	66.26344	61.297115	13.5472975	13.3	345999	34.0101	17.705322	76.43374	-0.84993696	34.01019	17.705326	69.44905	-0.6916671	-33.829884	1.0399443	92530.8097140789
174	64.65258	2.3886318	67.10378	61.798336	64.77702	2.1940508	66.32547	61.390724	13.544218	13.7	347999	33.979454	17.698687	67.55479	-1.0860738	33.979454	17.6988	71.66497	-0.18083227	-33.740204	1.0274131	93140.33335518837
175	64.89183	2.339173	67.09541	61.800835	63.76005	2.3833947	66.365875	61.22449	13.591837	13.5	349999	33.9313	17.701912	68.961815	-6.3369875	33.93112	17.701973	69.4478	-2.0305805	-33.77382	1.0393667	93745.6768193245
176	64.73202	2.3770301	67.118706	61.834656	63.37671	2.3677638	66.3288	61.26769	13.560811	13.4	351999	33.84989	17.683382	70.06195	0.0649358	33.84988	17.683338	68.8699	-0.103455186	-33.660046	1.0509063	94353.63843822479
177	64.74749	2.3695228	67.24886	61.828697	63.840828	2.37252	66.44122	61.33966	13.564626	13.5	353999	33.91983	17.68183	69.724014	-9.849512	33.919754	17.681896	70.85312	-5.732442	-33.795242	1.0396781	94960.1170156002
178	64.808556	2.3702483	67.14951	61.78182	63.813274	2.3683844	66.32809	61.313034	13.574325	13.5	355999	33.915386	17.680717	73.32264	-3.1379395	33.915424	17.680563	69.97843	-2.327823	-33.766476	1.0532385	95568.87194371223
179	64.62504	2.384761	67.120285	61.750336	64.295555	2.3578892	66.366905	61.241318	13.537415	13.6	357999	33.971817	17.663847	69.78365	0.045386434	33.971756	17.663809	72.195854	-1.7581736	-33.852325	1.0322207	96176.3071231842
180	65.119354	2.3019183	67.0895	61.77515	62.801918	2.1688843	66.23029	61.242615	13.639456	13.3	359999	33.95884	17.675747	69.563576	-1.0568056	33.95875	17.6759	69.39283	-5.601858	-33.79619	1.0233569	96784.03450918198
181	65.0225	2.3170302	67.123344	61.833538	63.85734	2.395204	66.297195	61.340656	13.619047	13.5	361999	33.957184	17.69583	71.38494	-0.06421828	33.957245	17.695843	68.9231	-2.6796901	-33.7984	1.0424848	97390.61789798737
182	64.66146	2.3783932	67.0638	61.777225	64.33405	2.3468597	66.31906	61.34649	13.544218	13.6	363999	33.847958	17.666077	72.32444	0.3633895	33.847874	17.6661	68.39644	0.37912822	-33.71151	1.0345649	97991.63308477402
183	65.153	2.2824924	67.13069	61.822685	63.85566	2.3424246	66.27502	61.28337	13.646258	13.5	365999	33.957348	17.711636	69.76398	-0.7438977	33.957436	17.711483	68.72706	-0.51952577	-33.88292	1.0455453	98595.17852759361
184	64.90189	2.3386059	67.067276	61.821125	63.79663	2.3784864	66.36113	61.344276	13.5986395	13.5	367999	33.97305	17.687943	69.17828	-1.5424716	33.97295	17.688164	70.796265	-2.6627288	-33.81186	1.041764	99199.83663320541
185	64.94194	2.3267033	67.06568	61.77898	65.26737	1.9272164	66.416725	61.39891	13.605442	13.8	369999	33.928772	17.69446	71.71406	-3.2539053	33.928814	17.694216	71.31026	-0.10009289	-33.782444	1.0424063	99807.46539115906
186	64.867386	2.351837	67.141266	61.811775	64.32104	2.30133	66.32565	61.399395	13.591837	13.6	371999	33.91356	17.719398	71.9034	-4.482521	33.9134	17.719831	76.45917	-1.1409433	-33.72005	1.058933	100411.8113501072
187	65.08007	2.2993245	67.11127	61.74516	64.766495	2.2172196	66.417694	61.303936	13.632653	13.7	373999	33.961334	17.680635	69.41863	-2.1042264	33.96134	17.680674	68.71572	-0.7672348	-33.874935	1.023373	101022.77383065224
188	65.02078	2.3285208	67.1735	61.782516	64.38712	2.3360982	66.45446	61.40532	13.619047	13.6	375999	33.99983	17.686134	69.75104	0.020885825	33.999916	17.686129	70.16976	-0.33684826	-33.895073	1.0164114	101630.6936249733
189	64.85151	2.3697445	67.18166	61.83609	64.74536	2.0619082	66.23711	61.50885	13.585034	13.7	377999	33.96898	17.736416	70.07543	-2.6472673	33.96885	17.736727	70.18539	-4.9949193	-33.745148	1.0275637	102236.55539131165
190	64.74771	2.370146	67.08422	61.754776	65.21733	1.8720194	66.23012	61.3436	13.560811	13.8	379999	33.987545	17.718988	73.75208	-2.2702196	33.9875	17.71869	68.240135	0.24628472	-33.811405	1.0179844	102844.82832193375
191	64.696945	2.3946671	67.14808	61.782444	64.298225	2.2821076	66.3267	61.379063	13.551021	13.6	381999	33.96271	17.70665	69.02927	-1.9530287	33.962708	17.706587	71.340576	-2.762464	-33.813503	1.0315044	103446.27186870575
192	65.11715	2.3139558	67.09177	61.8365	61.927788	1.4533339	66.28252	61.306602	13.639456	13.1	383999	33.996033	17.724026	69.711205	-5.059086	33.99615	17.723862	69.74397	-5.093583	-33.90164	1.0257875	104054.10448598862
193	65.20061	2.2637656	67.14895	61.745068	64.79952	2.2137256	66.403725	61.330025	13.657535	13.7	385999	34.02599	17.71779	74.928215	-4.0514045	34.025818	17.717968	71.494286	-0.9487457	-33.95127	1.0277193	104665.49776625633
194	64.46893	2.3941474	67.16049	61.794323	64.33311	2.2710574	66.38163	61.479782	13.506757	13.6	387999	33.956787	17.71951	70.99286	-1.6144898	33.956844	17.71963	71.397095	-3.0398788	-33.781204	1.0206122	105273.70071387291
195	65.07512	2.2926235	67.15983	61.82118	64.31024	2.312524	66.34041	61.332962	13.632653	13.6	389999	34.069527	17.726025	69.05781	-2.650299	34.069546	17.725937	68.2595	0.6620859	-33.85572	1.019352	105884.70368075371
196	64.90951	2.3416188	67.13566	61.798477	64.35303	2.3320465	66.45964	61.425064	13.5986395	13.6	391999	33.96878	17.74052	73.50615	-4.1305985	33.968666	17.740747	77.934784	0.024044633	-33.849483	1.0190661	106491.95524597168
197	65.12148	2.2937436	67.15119	61.829636	64.30532	2.3398466	66.471306	61.256214	13.639456	13.6	393999	33.941807	17.76234	67.68513	-0.79440117	33.941864	17.762228	68.30543	-0.81318676	-33.729336	1.0235814	107102.14430522919
198	64.91018	2.3209088	67.12763	61.85876	63.86867	2.329585	66.40647	61.464935	13.5986395	13.5	395999	33.913357	17.72128	74.620056	-1.9815537	33.913258	17.721539	75.47892	-0.5546367	-33.700577	1.0214837	107708.39610624313
199	64.974754	2.3101525	67.10671	61.757095	65.229965	1.8974004	66.35587	61.32338	13.612245	13.8	397999	34.00057	17.750248	71.600784	-2.1808138	34.000767	17.749895	68.39116	-1.0799748	-33.81432	1.0205902	108319.49548530579
200	65.0459	2.3244534	67.162	61.80467	63.363506	2.3251786	66.349594	61.364223	13.623287	13.4	399999	33.97779	17.741026	68.09017	-6.3559036	33.977592	17.741064	68.23584	-0.9685848	-33.7887	1.0239077	108932.18835759163
201	64.85666	2.3609838	67.13684	61.8041	64.8191	2.1386735	66.384964	61.480507	13.587838	13.7	401999	33.934196	17.735403	72.63311	-2.773526	33.934265	17.73527	70.50766	-1.40583	-33.752647	1.0147057	109540.62107682228
202	64.93789	2.3455336	67.081245	61.66253	64.721756	2.1662946	66.32014	61.302235	13.605442	13.7	403999	33.909573	17.727283	68.42647	-0.96035826	33.90969	17.727112	71.175804	-3.555933	-33.710808	1.0219278	110152.9079387188
203	65.06926	2.3247108	67.13112	61.78005	64.75145	2.1422298	66.33987	61.435368	13.630137	13.7	405999	33.89736	17.66955	67.299126	-3.3966665	33.897114	17.669865	71.328766	-1.5751617	-33.78139	0.9997527	110760.04952692986
204	64.52991	2.3605354	67.092445	61.792835	64.33522	2.3373306	66.347305	61.35587	13.52027	13.6	407999	33.96912	17.71958	70.26323	-1.1910591	33.96908	17.719532	71.89108	-1.6100013	-33.73493	1.0087749	111372.3872730732
205	65.212296	2.2780738	67.11213	61.801727	64.759735	2.1377244	66.38781	61.43423	13.659863	13.7	409999	33.88817	17.732147	69.87783	-1.702225	33.88825	17.732067	71.01072	-4.1183333	-33.736313	1.0277009	111984.2351038456
206	65.00322	2.3260455	67.12022	61.82024	63.33532	2.3260272	66.38217	61.2894	13.619047	13.4	411999	33.921864	17.733292	72.78495	-4.633536	33.921776	17.733097	70.66553	-1.584993	-33.735733	1.0109606	112597.14078235626
207	64.755424	2.3812392	67.11118	61.810116	62.8758	2.1015887	66.13093	61.261723	13.564626	13.3	413999	33.951183	17.719156	66.97576	-0.95564747	33.951153	17.719662	68.551704	-0.079264045	-33.818493	1.0375323	113210.05563807487
208	64.69703	2.3665264	67.18781	61.801144	65.20208	1.868819	66.301445	61.39246	13.554054	13.8	415999	33.865334	17.719189	69.28726	-0.94140637	33.865223	17.719187	71.04539	-2.2704813	-33.81137	0.99763083	113822.02021431923
209	64.87364	2.3415926	67.12447	61.750225	64.755	2.1635048	66.26314	61.394245	13.585034	13.7	417999	33.990597	17.693209	69.7954	-0.99653554	33.99066	17.693361	72.91069	-1.9856331	-33.82343	1.0043805	114435.89143061638
210	65.16717	2.284899	67.12627	61.791317	63.80668	2.3796875	66.40143	61.29319	13.650685	13.5	419999	33.85917	17.72127	68.11562	-3.3563225	33.85924	17.72121	69.43038	0.28854418	-33.722057	1.0078785	115052.2758295536
211	64.91134	2.365977	67.24493	61.783928	64.25015	2.2924416	66.284355	61.2548	13.5986395	13.6	421999	33.999092	17.694029	67.73466	-0.2382822	33.99917	17.69392	70.270454	-3.3475828	-33.885567	0.9866348	115665.85014033318
212	64.8174	2.3774164	67.16203	61.819008	64.34929	2.3127763	66.4277	61.314117	13.574325	13.6	423999	33.936794	17.696676	71.924576	0.013233662	33.93674	17.696974	69.27836	-1.4476647	-33.65863	1.001754	116280.09055447578
213	65.045296	2.3265429	67.13297	61.79837	64.28999	2.3309813	66.316025	61.352264	13.625851	13.6	425999	33.937508	17.704239	68.48711	-2.8645911	33.93735	17.70446	68.92723	-3.0717485	-33.79746	1.0118293	116898.48890447617
214	65.29403	2.2327332	67.105446	61.793262	63.4	2.3535857	66.32654	61.302803	13.678082	13.4	427999	33.937263	17.720938	68.28487	-11.806438	33.937088	17.721075	69.59338	-9.106406	-33.74722	1.0139832	117518.62548065186
215	64.447136	2.4003646	67.10231	61.83728	64.31746	2.311834	66.33664	61.398945	13.5	13.6	429999	33.886993	17.727509	69.777916	-5.3703976	33.887	17.727636	69.32107	-5.0298977	-33.72793	1.0014242	118137.7911696434
216	64.87778	2.338839	67.22192	61.7867	64.75044	2.1367242	66.31468	61.348656	13.591837	13.7	431999	33.935802	17.72017	70.03913	-3.2951188	33.93563	17.720417	67.95007	-3.960555	-33.739773	1.0082693	118757.95303297043
217	65.122345	2.3044915	67.244156	61.825268	64.25734	2.2693768	66.31398	61.3296	13.639456	13.6	433999	33.95102	17.721945	71.22144	-2.778799	33.951077	17.721653	69.35792	-0.62401724	-33.812218	0.99421906	119383.90306258202
218	64.73053	2.3832786	67.17853	61.798283	64.37092	2.3519404	66.397095	61.417404	13.557823	13.6	435999	33.874493	17.735596	70.82256	-7.7114367	33.87452	17.73574	68.324905	-10.849953	-33.71796	1.0147268	120000.14226961136
219	64.99272	2.3136566	67.12943	61.786484	65.77681	1.4239916	66.3744	61.52069	13.619047	13.9	437999	33.90877	17.69678	69.201065	-1.5801727	33.908825	17.696756	67.25053	-0.24605107	-33.761272	0.99214816	120620.5333685875
220	64.86654	2.3529658	67.19387	61.744064	63.859497	2.3079202	66.35622	61.450703	13.585034	13.5	439999	34.020763	17.71418	68.134125	-0.46645677	34.020737	17.714064	68.8406	-3.9483395	-33.836693	1.0111368	121242.28929543495
221	64.98111	2.319801	67.10242	61.74552	64.72609	2.2096477	66.31649	61.219616	13.612245	13.7	441999	33.924362	17.737822	70.22183	-2.329854	33.924236	17.737898	68.26395	-0.15811598	-33.764484	1.0060326	121865.72286558151
222	64.76118	2.3674524	67.059425	61.80518	64.34589	2.3214636	66.38956	61.37471	13.567568	13.6	443999	33.891895	17.695627	70.0757	0.22041309	33.89181	17.695875	68.37199	-0.01693499	-33.67086	1.0130894	122489.23563218117
223	64.50351	2.3789597	67.100876	61.850258	63.80964	2.3330963	66.23825	61.23063	13.513514	13.5	445999	33.959393	17.75052	70.036804	-2.1695547	33.959324	17.750757	73.70158	-0.9839928	-33.847057	0.99838597	123115.54049992561
224	65.19142	2.2553196	67.13984	61.828705	64.70639	2.1727936	66.25238	61.26785	13.657535	13.7	447999	33.924706	17.727549	68.181244	-0.54363954	33.924618	17.727932	68.9808	-8.2251625	-33.805317	0.99650526	123742.20047140121
225	64.94751	2.3299267	67.17307	61.80607	62.936516	2.1640887	66.299614	61.357292	13.605442	13.3	449999	33.94581	17.729013	69.87835	-1.9743778	33.945816	17.728863	71.16749	-3.0264647	-33.760273	1.0033714	124365.90991854668
226	64.84805	2.3495517	67.17437	61.687485	64.75497	2.1485026	66.32628	61.414703	13.585034	13.7	451999	33.94745	17.73754	69.70224	-3.0443234	33.947407	17.737453	70.75432	0.077638984	-33.802094	0.9880528	124994.10765743256
227	64.71962	2.3718011	67.09027	61.80309	63.77838	2.380437	66.28656	61.282017	13.560811	13.5	453999	33.969444	17.732864	72.619484	-10.850264	33.969364	17.73292	70.42884	-2.3977942	-33.767445	0.9975338	125625.03464531898
228	64.91435	2.3431835	67.121796	61.741116	64.81215	2.1635637	66.3527	61.403038	13.5986395	13.7	455999	33.94383	17.716854	69.19113	0.31605685	33.943874	17.716969	67.231445	-3.5359924	-33.761517	0.9877549	126252.12340164185
229	65.381	2.1951883	67.14781	61.853596	64.24604	2.299927	66.27513	61.26462	13.69863	13.6	457999	33.95231	17.778206	70.27493	-0.5117998	33.952446	17.778149	76.37477	-0.95163155	-33.80123	0.99848276	126882.89351129532
230	65.09311	2.3022635	67.13843	61.821907	62.438667	1.8470678	66.14295	61.319035	13.636987	13.2	459999	33.96023	17.734055	68.70153	-1.6267118	33.96016	17.73407	70.90805	-2.330947	-33.713562	0.99699813	127510.60755586624
231	64.79669	2.3622909	67.21653	61.734562	64.26201	2.3437529	66.31002	61.350395	13.574325	13.6	461999	33.93791	17.752728	66.47959	-5.670992	33.93777	17.752953	66.46959	-1.0661116	-33.880978	0.98541635	128138.04390144348
232	65.04184	2.3178818	67.14817	61.806057	64.716545	2.1651173	66.24961	61.305317	13.625851	13.7	463999	33.95091	17.720304	70.95883	-3.0119863	33.95078	17.72034	71.615524	-0.9951986	-33.845867	0.99702054	128764.34412145615
233	64.76068	2.3887901	67.12552	61.769127	63.35788	2.3859413	66.348885	61.31721	13.564626	13.4	465999	33.948715	17.737486	67.09721	0.2976842	33.94868	17.737616	68.8995	-0.3461554	-33.759476	0.99300635	129396.15648269653
234	64.84552	2.3413975	67.11288	61.811638	64.77907	2.15331	66.43878	61.43058	13.585034	13.7	467999	33.893124	17.70344	68.68472	-2.3409367	33.893116	17.703707	74.3117	-1.192252	-33.704826	0.97980815	130023.34142971039
235	64.660645	2.3802872	67.058945	61.826744	62.48989	1.852365	66.30443	61.432728	13.5472975	13.2	469999	33.96689	17.699575	67.51683	-9.960452	33.966763	17.699545	65.592285	-6.343394	-33.86026	0.97771996	130648.93538069725
236	64.84979	2.35433	67.13235	61.842213	64.27342	2.348895	66.43856	61.31806	13.585034	13.6	471999	33.9197	17.698708	67.23594	-0.9986768	33.919792	17.698673	66.89991	-3.2676501	-33.749615	0.9977991	131277.5074417591
237	64.77666	2.3626566	67.175606	61.81539	64.76472	2.1221714	66.274414	61.444836	13.567568	13.7	473999	33.991352	17.745777	67.95443	-10.6983	33.991257	17.745844	68.636734	-1.9465257	-33.82661	0.9774488	131908.58962869644
238	64.888405	2.3455918	67.09325	61.770283	64.336876	2.321618	66.392975	61.333782	13.591837	13.6	475999	33.935543	17.737345	67.271	-2.0362449	33.935467	17.737513	70.70392	-3.1277313	-33.764797	0.9888146	132538.5271511078
239	64.82697	2.3538082	67.119415	61.815304	63.898235	2.3884697	66.37379	61.378666	13.578231	13.5	477999	33.887615	17.717707	68.15031	-0.8177825	33.88754	17.717766	69.68913	-1.4916718	-33.71334	0.98438936	133171.4740433693
240	64.493385	2.415563	67.09462	61.730434	64.393456	2.2791724	66.32396	61.533558	13.513514	13.6	479999	33.991547	17.731352	68.70252	-1.6745914	33.991585	17.731045	67.04047	-2.5718174	-33.803658	0.98153394	133806.21821594238
241	65.02964	2.3158772	67.08659	61.799038	64.78248	2.2170827	66.39233	61.335976	13.619047	13.7	481999	33.920403	17.760796	68.6128	-3.534729	33.92018	17.761194	69.46314	-1.2013094	-33.764782	0.9973456	134436.5146074295
242	64.77985	2.3812516	67.159	61.764008	65.266	1.8780307	66.362976	61.486027	13.571428	13.8	483999	33.982105	17.770645	70.06146	-1.7293079	33.98228	17.770588	69.39691	-0.90701973	-33.879242	0.9680368	135066.73779296875
243	64.92853	2.3287864	67.1729	61.78171	64.77515	2.183743	66.34826	61.39579	13.5986395	13.7	485999	33.9449	17.73722	70.374794	-9.080211	33.944836	17.737183	69.326096	-1.8285744	-33.79489	0.9920614	135700.22532749176
244	64.72055	2.3668528	67.15463	61.807434	64.29174	2.2662652	66.28918	61.402176	13.560811	13.6	487999	33.955597	17.729147	71.39287	-0.33356965	33.95555	17.729118	68.00194	-1.5066574	-33.769943	0.97297984	136333.78663420677
245	64.85438	2.3497438	67.2013	61.804317	63.424397	2.3109558	66.40107	61.385532	13.585034	13.4	489999	33.931713	17.727926	67.68936	-2.3674498	33.931797	17.727911	68.4047	-0.025975347	-33.81771	0.9960655	136966.89454746246
246	65.07923	2.302956	67.10295	61.78828	64.74472	2.1802633	66.31632	61.39629	13.632653	13.7	491999	33.89481	17.744213	67.481255	-2.4736695	33.894737	17.74418	72.11548	-3.650495	-33.668385	0.9951169	137602.22547459602
247	64.85468	2.3450558	67.14615	61.708126	64.30438	2.3368287	66.377174	61.39984	13.585034	13.6	493999	33.96612	17.712877	67.81916	-0.46798193	33.966084	17.712929	67.847824	0.15871763	-33.784245	0.9775823	138237.16564273834
248	64.81246	2.3708117	67.1319	61.825676	63.84308	2.3739054	66.32903	61.257782	13.578231	13.5	495999	33.890385	17.719772	69.10418	-1.1900016	33.890453	17.719637	75.20883	-1.6099505	-33.665516	1.0031768	138871.07443881035
249	64.93413	2.3198974	67.15402	61.828495	64.76639	2.1530755	66.39337	61.394165	13.605442	13.7	497999	33.95891	17.742735	67.16945	-7.444539	33.958805	17.742853	68.4159	-4.5231113	-33.785416	0.9890063	139510.1104221344
250	64.98144	2.3190298	67.09583	61.758232	64.283585	2.341296	66.47083	61.295918	13.612245	13.6	499999	33.967354	17.740961	70.4432	-2.2177792	33.96728	17.741024	67.81878	-3.53263	-33.864227	0.978632	140145.3906607628
251	64.84864	2.3520625	67.12803	61.73967	64.702995	2.2137785	66.38396	61.22724	13.585034	13.7	501999	33.86599	17.760393	73.70802	0.4049909	33.86582	17.760727	70.24034	-3.4337616	-33.667435	0.99166334	140777.64714360237
252	64.66516	2.3801236	67.124504	61.813908	64.77597	2.1418922	66.317764	61.331	13.5472975	13.7	503999	33.957794	17.740877	66.45173	-0.35124373	33.95789	17.74095	76.499016	-1.8235197	-33.750275	0.979963	141417.75358629227
253	65.03497	2.3033235	67.09552	61.828186	64.23284	2.3321724	66.24666	61.277363	13.625851	13.6	505999	33.90799	17.744053	69.823235	-4.230218	33.907917	17.744081	70.24161	-0.98331606	-33.70259	0.9745055	142056.30466413498
254	64.89634	2.3625817	67.13286	61.732185	63.818157	2.3528857	66.27975	61.363266	13.591837	13.5	507999	33.94676	17.741915	72.55989	-3.8261867	33.94676	17.741852	67.86947	-5.3992796	-33.792583	0.9879708	142692.79491567612
255	65.12303	2.292539	67.235085	61.84527	63.291363	2.2801654	66.28822	61.322704	13.639456	13.4	509999	33.940563	17.751616	67.22986	-3.6598077	33.94065	17.751595	70.534386	-3.2388287	-33.701836	0.9876813	143328.13897299767
256	64.994026	2.332363	67.18989	61.773373	64.33278	2.3070753	66.47363	61.297947	13.616438	13.6	511999	33.938248	17.699604	66.02072	-10.717161	33.938286	17.699472	69.700676	-3.3607483	-33.762814	0.97414494	143966.0145380497
257	64.7614	2.3571842	67.12905	61.850872	64.839294	2.1666334	66.43977	61.511284	13.567568	13.7	513999	33.956642	17.756021	68.776665	-2.2532969	33.956512	17.75596	67.434845	-2.8050199	-33.73176	0.96330625	144606.11271691322
258	64.96143	2.3397877	67.15054	61.759136	64.32656	2.3329003	66.37551	61.279438	13.612245	13.6	515999	33.88253	17.738228	67.75112	-3.0950298	33.88255	17.738344	66.886444	-6.2026243	-33.755634	0.9795232	145245.457259655
259	64.47694	2.3902216	67.15864	61.745728	64.30128	2.3168945	66.36652	61.36684	13.506757	13.6	517999	33.898773	17.732054	69.44547	-10.818093	33.89882	17.732021	67.30304	-7.9287763	-33.65061	0.9733495	145890.4634332657
260	64.6569	2.4023051	67.11441	61.76412	64.85661	2.0971882	66.32962	61.5985	13.544218	13.7	519999	33.89202	17.748526	69.07847	0.2721182	33.892094	17.74844	71.03736	-0.92123175	-33.710064	0.9814239	146537.22876882553
261	64.931076	2.358482	67.20573	61.72432	63.808495	2.3798716	66.27887	61.366703	13.601352	13.5	521999	33.949333	17.763525	70.15348	-8.473109	33.94916	17.76395	66.82371	-4.493474	-33.79151	0.98259467	147179.22066903114
262	64.81603	2.352995	67.18468	61.7802	64.27702	2.3144228	66.31674	61.32753	13.578231	13.6	523999	33.91769	17.716	66.795296	-0.4313358	33.917694	17.716082	69.64586	-0.5738789	-33.661644	0.98197526	147825.90888142586
263	64.72441	2.354505	67.10369	61.87349	63.84804	2.4181464	66.398735	61.29435	13.557823	13.5	525999	33.920208	17.702839	70.75237	-0.0782783	33.92023	17.702957	69.14508	-6.724407	-33.75397	0.9673752	148465.50648140907
264	64.801384	2.3555195	67.043045	61.81105	65.254486	1.9539975	66.351875	61.301285	13.574325	13.8	527999	33.94159	17.76828	67.62688	-0.5569898	33.941628	17.76839	68.85282	-0.17641866	-33.734962	0.9786938	149104.89904379845
265	65.06622	2.3006675	67.157875	61.795013	64.725464	2.2117822	66.40441	61.266747	13.630137	13.7	529999	33.92724	17.720058	68.91739	-6.017392	33.927357	17.719757	68.39856	-4.8502855	-33.824314	0.96746176	149751.13494062424
266	65.084145	2.3051615	67.06898	61.791588	65.185646	1.9122562	66.38908	61.338818	13.632653	13.8	531999	33.91586	17.72715	67.31594	-4.271947	33.915874	17.727228	66.94761	-2.8273873	-33.739735	0.9864177	150389.16139268875
267	64.91446	2.3447368	67.07511	61.780262	63.834137	2.3160346	66.30984	61.33219	13.5986395	13.5	533999	33.929005	17.7195	69.449486	-4.7750335	33.92892	17.719707	67.77342	-7.5150204	-33.6942	0.9825	151030.3332233429
268	64.72292	2.3540742	67.0719	61.773308	63.31295	2.34093	66.319016	61.23488	13.560811	13.4	535999	33.84836	17.741207	68.14548	-0.22606552	33.848446	17.741047	67.84785	-6.450208	-33.63505	0.992859	151672.57341217995
269	64.96133	2.3343697	67.16012	61.783504	63.84024	2.4052017	66.359375	61.216286	13.605442	13.5	537999	33.89952	17.706512	78.77012	-3.5589104	33.899574	17.706387	67.340576	-6.164378	-33.71789	0.97258985	152313.0706653595
270	64.84141	2.3622973	67.14865	61.78473	64.74244	2.1478949	66.27921	61.34604	13.585034	13.7	539999	33.921444	17.719511	68.07726	-5.976899	33.92145	17.7194	69.07172	-3.971253	-33.672783	0.9783773	152953.66362929344
271	64.87564	2.3457468	67.09536	61.8152	63.811726	2.350591	66.26975	61.323727	13.591837	13.5	541999	33.941814	17.686049	67.47697	-2.284471	33.941784	17.686247	70.108086	-5.089266	-33.82949	0.97423846	153630.94244289398
272	64.9003	2.3607209	67.15668	61.722134	63.836384	2.443894	66.37237	61.270306	13.591837	13.5	543999	33.8435	17.722036	66.80259	0.20905161	33.843506	17.722057	73.19762	-0.70924294	-33.642735	0.97653633	154356.08214473724
273	65.13887	2.2821603	67.210075	61.77863	63.851067	2.3986762	66.35024	61.30346	13.646258	13.5	545999	33.876076	17.715185	67.14481	-5.402679	33.876255	17.714544	67.162445	0.54849875	-33.718918	0.96770555	155153.30335187912
274	64.80696	2.3738155	67.16593	61.800575	64.23623	2.310356	66.290886	61.304817	13.571428	13.6	547999	33.852154	17.720818	66.67989	-9.196524	33.852196	17.720877	66.75071	-2.3643832	-33.619953	0.9670814	155955.85166502
275	64.554054	2.3967474	67.124405	61.804844	63.84151	2.3106828	66.30855	61.432316	13.527027	13.5	549999	33.902397	17.711735	71.56994	-2.5099394	33.902184	17.712132	68.64625	-12.98033	-33.773155	0.98036057	156759.0319135189
276	64.86069	2.3440413	67.11126	61.85127	64.76343	2.189291	66.39089	61.192	13.585034	13.7	551999	33.934235	17.738838	69.6705	-5.8813715	33.93436	17.738554	67.46132	-1.8031342	-33.72874	0.9767581	157564.24091100693
277	64.49797	2.3789792	67.159386	61.812	64.21009	2.3181133	66.22833	61.300434	13.506757	13.6	553999	33.921062	17.71396	71.433105	-4.10572	33.920994	17.714088	70.48677	-2.3544295	-33.73506	0.9810918	158385.66615319252
278	65.001884	2.302959	67.13007	61.890724	64.308624	2.3214257	66.39957	61.297726	13.612245	13.6	555999	33.95666	17.758963	68.264175	-2.9788156	33.956665	17.759096	65.68939	-6.621331	-33.8179	0.98854506	159197.60193157196
279	64.88709	2.3400936	67.11367	61.800632	63.313774	2.2664459	66.23615	61.290188	13.591837	13.4	557999	33.90481	17.732668	69.18111	-1.372865	33.904945	17.732473	68.23974	-2.4620826	-33.765358	0.9797395	159986.01597046852
280	64.96298	2.3296134	67.19483	61.736797	63.83957	2.3715003	66.25227	61.301647	13.605442	13.5	559999	33.91501	17.720556	67.661804	-0.92968786	33.91496	17.720583	68.10402	-1.3879633	-33.722164	0.9566621	160770.77804994583
281	64.910835	2.34791	67.1229	61.826584	65.70932	1.3877711	66.413765	61.565807	13.5986395	13.9	561999	33.90376	17.711176	67.983894	0.06036961	33.903862	17.711224	71.118126	-5.130445	-33.749683	0.9597477	161556.92965126038
282	65.264656	2.2202437	67.09053	61.800312	63.821175	2.3649294	66.321724	61.30626	13.67347	13.5	563999	33.883984	17.742716	67.84342	-2.664928	33.88391	17.742645	68.18452	-3.6956022	-33.735542	0.9735481	162324.79517030716
283	65.13835	2.2756295	67.09292	61.825024	63.82384	2.4212515	66.36085	61.240414	13.643836	13.5	565999	33.93318	17.725546	67.73693	0.45801842	33.933407	17.725348	68.29637	1.4652655	-33.805183	0.9604215	163069.55881762505
284	64.83178	2.37269	67.158325	61.75427	64.72963	2.167168	66.32296	61.345222	13.581081	13.7	567999	33.82104	17.70776	67.80196	-2.9340143	33.821056	17.70768	66.3821	-0.85128355	-33.670944	0.97660017	163768.08549952507
285	64.954025	2.3477228	67.09675	61.775032	64.32539	2.3582327	66.39255	61.279404	13.605442	13.6	569999	33.93223	17.739227	66.86411	-3.6127772	33.932144	17.739265	73.06762	-0.35518575	-33.787533	0.96559215	164463.01344895363
286	64.8927	2.35046	67.12984	61.869022	64.30492	2.3361378	66.335014	61.325466	13.591837	13.6	571999	33.882217	17.731533	68.298805	-2.4356365	33.882206	17.731506	70.17594	-1.7243032	-33.75777	0.9608628	165153.5617377758
287	64.99837	2.3240414	67.11402	61.755745	62.85385	2.21902	66.32316	61.29864	13.619047	13.3	573999	33.86503	17.718094	67.976204	-1.5307932	33.865032	17.718073	68.16399	-5.610177	-33.733917	0.9600124	165838.546779871
288	65.23221	2.2597055	67.09518	61.851757	63.813854	2.337527	66.223724	61.35666	13.664384	13.5	575999	33.935024	17.719593	68.30974	-0.6383879	33.935093	17.719608	72.13939	-0.23473382	-33.792866	0.9544357	166540.34555959702
289	64.90037	2.343856	67.096664	61.771046	64.33619	2.250937	66.38415	61.538315	13.5986395	13.6	577999	33.838898	17.746153	66.07651	-5.920892	33.838814	17.74639	65.9158	-1.4363775	-33.70457	0.9595753	167236.7726149559
290	65.08769	2.2864223	67.06779	61.784714	64.7064	2.105952	66.14698	61.38608	13.639456	13.7	579999	33.953983	17.72289	65.58771	-2.7201996	33.95407	17.722652	69.28897	-1.9756148	-33.8459	0.94931287	167943.945479393
291	64.77229	2.386866	67.18398	61.810875	63.84834	2.4068525	66.40072	61.318996	13.564626	13.5	581999	33.981216	17.71223	68.28006	-9.191079	33.981117	17.71232	67.93391	-6.953476	-33.852394	0.96302086	168655.96501016617
292	65.03778	2.3146741	67.04254	61.754078	65.76998	1.4353447	66.40238	61.473564	13.625851	13.9	583999	33.978245	17.739847	66.68024	0.9957166	33.978447	17.739456	66.25135	-5.8108683	-33.823055	0.9528202	169358.9481136799
293	64.75529	2.3477013	67.053856	61.810955	64.35036	2.2802448	66.33656	61.41732	13.564626	13.6	585999	33.86511	17.76421	72.02789	-0.98596454	33.865067	17.76436	68.61376	-4.913563	-33.702366	0.96327055	170062.09562015533
294	64.95916	2.3426318	67.14344	61.77658	62.878815	2.1532428	66.33067	61.368057	13.605442	13.3	587999	34.039677	17.76611	79.90932	-2.8792663	34.039856	17.76581	68.23893	-4.99659	-33.883087	0.96006715	170765.68407797813
295	64.81853	2.346076	67.08847	61.803703	63.32492	2.356895	66.30385	61.21944	13.581081	13.4	589999	33.903454	17.716042	68.59226	-1.7375929	33.903446	17.716026	67.50449	-0.21452379	-33.709297	0.95525545	171466.33461499214
296	65.031494	2.318503	67.164894	61.751244	63.833595	2.3543773	66.31661	61.394135	13.623287	13.5	591999	33.912712	17.7176	70.29014	-1.4590502	33.9127	17.717672	76.176765	-6.2847557	-33.750023	0.9557248	172169.0532450676
297	64.69155	2.3840733	67.05758	61.792805	64.33937	2.3189647	66.38822	61.394836	13.554054	13.6	593999	33.85674	17.730377	67.96122	-0.6362963	33.856888	17.730389	66.92661	-3.2675555	-33.67679	0.9460923	172876.4244184494
298	64.954254	2.3325055	67.09964	61.789406	64.26201	2.3144073	66.33948	61.23393	13.605442	13.6	595999	33.88817	17.76303	69.048996	-9.315351	33.888187	17.76296	66.942856	-4.220338	-33.692837	0.95802456	173536.39630961418
299	64.77274	2.3726122	67.205154	61.790363	63.34123	2.327094	66.349205	61.347134	13.564626	13.4	597999	33.878834	17.713871	68.27253	-3.8895302	33.87874	17.713919	69.963776	-4.579897	-33.80693	0.9652494	174237.41165924072
300	64.626175	2.3518105	67.1905	61.802666	62.852478	2.1795948	66.39108	61.304462	13.540541	13.3	599999	33.90856	17.724657	67.63556	0.26055264	33.908657	17.724394	66.986984	-1.6666656	-33.783813	0.9515743	174938.51367592812
301	64.74543	2.36982	67.09489	61.834084	64.74253	2.2131734	66.32505	61.278812	13.564626	13.7	601999	33.99163	17.699705	68.39898	-1.2628214	33.99156	17.699953	68.081795	0.07460213	-33.7671	0.9617959	175645.79304027557
302	64.78898	2.3769507	67.1486	61.754578	64.79224	2.2328262	66.36111	61.27876	13.574325	13.7	603999	33.98189	17.772562	67.60677	-3.5706847	33.982	17.772463	67.12236	-4.449645	-33.87257	0.96394956	176352.25053668022
303	64.793816	2.3717985	67.21739	61.765602	64.7655	2.1363757	66.313255	61.438972	13.571428	13.7	605999	33.94121	17.757193	68.53745	-2.2988758	33.94119	17.757074	67.106834	-5.6859274	-33.72795	0.971287	177059.33481359482
