Epoch	AverageEpRet	StdEpRet	MaxEpRet	MinEpRet	EpLen	AverageVVals	StdVVals	MaxVVals	MinVVals	TotalEnvInteracts	LossPi	LossV	DeltaLossPi	DeltaLossV	Entropy	KL	Time
0	97.11765	23.971367	194.34882	72.18744	19.95	-0.05476416	0.27236757	0.76963	-0.73698103	2000	0.013231578	3431.7542	-0.038724937	-862.6382	0.9189439	-7.152557e-09	5.958634853363037
1	99.47594	30.211216	230.22705	72.17366	20.505156	9.468627	0.0635608	9.475951	7.5916348	4000	-0.0019211435	2924.7068	-0.020737754	-447.8855	0.9189969	3.862381e-08	11.804933071136475
2	94.56426	21.10493	180.7198	72.02255	19.549019	15.090367	0.023316305	15.092339	14.10588	6000	0.021741208	1925.4553	-0.016883794	-281.7489	0.9190399	-9.536743e-09	18.109123706817627
3	95.15748	20.062365	175.13022	72.02024	19.470589	19.630749	0.020536263	19.631655	18.717043	8000	-0.12802333	1655.2167	-0.011351496	-225.96826	0.9190609	-2.193451e-08	26.161153078079224
4	95.8258	21.650274	171.177	72.444786	19.673267	23.795683	0.025399012	23.796806	22.723623	10000	0.088383645	1486.072	-0.012506694	-182.03247	0.9190163	-2.3841857e-09	34.738680362701416
5	94.23106	20.211285	175.06024	72.12602	19.271845	27.652435	0.015945276	27.653524	27.154528	12000	0.026833538	1229.1663	-0.008957492	-132.86377	0.91902435	-2.861023e-09	45.56469750404358
6	97.8851	22.504412	167.96654	76.82479	20.161615	30.904177	1.6273769	31.038433	-14.294024	14000	0.13455842	1240.3517	-0.009586267	-172.9939	0.91903275	-2.193451e-08	56.794429063797
7	98.569916	20.541483	155.71257	72.057274	20.161615	31.877422	5.146343	34.41183	-4.0028567	16000	-0.09654895	1052.5226	-0.007813752	-221.27393	0.9190663	4.768372e-10	67.78616976737976
8	104.495255	25.895855	195.91667	71.944984	21.445652	33.118877	9.237627	38.143795	-6.1096125	18000	0.118147045	1151.5004	-0.008609332	-194.54736	0.9190731	3.576279e-08	78.87832164764404
9	100.27093	24.096146	184.93146	72.25996	20.536083	34.91073	11.425328	42.190998	-3.5616572	20000	-0.017576292	832.9901	-0.009791929	-139.9422	0.91910714	-9.536744e-10	89.86044383049011
10	103.343834	29.800165	216.08566	76.78064	21.170214	36.804867	13.388265	45.639168	-8.767336	22000	0.06488179	937.8436	-0.009437937	-145.7503	0.9191208	-1.001358e-08	100.92722034454346
11	99.13544	24.149015	213.3285	72.10105	20.408163	38.066727	15.027169	49.143307	-6.4455547	24000	-0.0573883	623.9081	-0.008149043	-108.77716	0.9191472	1.2874604e-08	112.23477864265442
12	105.491844	28.70676	211.07028	76.833176	21.630434	41.146797	15.714675	51.97653	-5.064666	26000	-0.16337705	749.2986	-0.006660953	-129.83142	0.91916054	2.2411346e-08	123.28241920471191
13	106.396484	30.233328	214.01048	76.67552	21.76923	42.20258	16.870775	55.087143	-9.745189	28000	-0.02975186	718.61584	-0.0062233657	-118.62598	0.91914314	-4.2915342e-09	134.56975150108337
14	110.97849	32.446323	213.64172	76.73517	22.47191	44.937725	17.50652	58.155613	-6.9944873	30000	-0.095281534	768.2889	-0.007904589	-136.38086	0.9191291	8.5830685e-09	145.87851738929749
15	108.250275	27.935635	197.31305	76.83817	22.066668	45.59389	19.577034	61.387653	-7.0659227	32000	-0.079260685	532.2826	-0.007840931	-104.55423	0.9190952	-2.0980835e-08	157.05845308303833
16	103.11682	27.278765	230.37941	76.6996	21.127659	47.76957	19.79076	64.03217	-10.279846	34000	-0.080971174	488.91162	-0.0055740997	-131.62537	0.9190587	-1.2874604e-08	168.1346070766449
17	113.48548	33.036175	226.90433	76.77178	23.188236	48.40956	21.382399	66.07006	-26.650354	36000	0.027751692	657.8497	-0.00764597	-146.22583	0.9190126	-1.4305115e-09	179.21730875968933
18	110.74223	31.159119	201.27673	76.74161	22.647728	49.016186	21.956059	68.86577	-13.176351	38000	-0.011357152	524.4999	-0.0076704165	-136.47415	0.9189711	-3.576279e-08	190.44987750053406
19	113.30747	35.27623	267.18088	77.02704	23.093023	51.567993	22.989882	71.227585	-7.0646152	40000	-0.047875784	662.4982	-0.007325381	-162.59259	0.9189382	-1.525879e-08	201.88259768486023
20	112.40742	28.788448	193.90712	76.746414	22.965517	51.9756	24.001272	73.7303	-6.4381723	42000	-0.01494564	432.07837	-0.008508631	-141.13779	0.91890365	-3.8146974e-09	213.26276659965515
21	117.095634	36.85179	243.35938	76.9547	23.975904	53.138447	23.707222	75.71677	-9.813635	44000	-0.033186484	657.53326	-0.006827511	-196.78003	0.91886824	-3.4332274e-08	224.3827211856842
22	114.37014	31.109638	204.64221	76.75069	23.232557	53.69414	25.663536	78.197105	-13.163641	46000	0.008663705	453.56955	-0.0065581324	-159.23236	0.9188356	2.002716e-08	235.72606539726257
23	120.95905	42.574432	285.83206	76.757095	24.567902	55.71493	26.276892	80.12453	-21.227869	48000	0.06849083	828.22797	-0.00846405	-244.5122	0.91880774	3.528595e-08	246.79836058616638
24	123.019875	37.158184	251.79556	81.46447	24.9875	57.096165	26.567476	82.91337	-0.38794088	50000	0.008627173	650.05164	-0.0071938783	-237.14182	0.91879606	-2.3841857e-09	258.5930755138397
25	120.93004	37.73562	250.34988	76.59226	24.580246	56.672268	28.300375	85.28603	-16.545168	52000	-0.03553035	647.4719	-0.006858729	-252.98047	0.9187823	-1.3351441e-08	269.82754397392273
26	125.42332	41.602673	283.0505	76.98005	25.641026	59.79758	28.289618	87.23359	-3.1956246	54000	-0.02720121	728.7491	-0.007614035	-279.52365	0.9187718	4.7683715e-09	281.1266243457794
27	132.74278	40.865757	286.55515	76.80611	26.77027	62.133835	28.809929	89.54579	-38.71875	56000	0.07586351	730.0464	-0.0067775473	-274.82187	0.9187513	8.106232e-09	292.7227690219879
28	130.97948	45.90319	285.96466	76.91216	26.6	62.58009	30.285118	92.05353	-6.9305983	58000	-0.009778097	839.8307	-0.0070774574	-295.1671	0.9187434	-5.722046e-09	304.1144263744354
29	124.31221	41.923576	262.96344	81.39253	25.461538	63.50257	31.283224	94.6243	-6.238451	60000	-0.0692718	685.95435	-0.0073518082	-275.28024	0.918742	2.5749207e-08	315.4064931869507
30	120.66203	38.802467	265.71783	76.94648	24.675	61.591423	31.120462	96.41866	2.0242295	62000	-0.07936608	620.14764	-0.00723131	-296.38763	0.9187294	7.629395e-09	326.5146441459656
31	125.53465	41.14166	250.28006	77.23165	25.584415	62.124084	31.19543	97.590744	-7.9283876	64000	0.032553416	722.62006	-0.008472223	-370.09534	0.91870683	3.1471252e-08	337.7028546333313
32	131.18413	44.529068	236.63632	76.83237	26.666666	64.46571	32.137398	98.929474	-8.213265	66000	0.00571329	726.6208	-0.007035406	-330.11334	0.91868675	-9.536744e-10	348.80961203575134
33	135.5153	36.98553	267.37064	81.554955	27.760563	65.71676	32.87333	100.801094	-19.985163	68000	-0.02285701	593.1472	-0.0068233367	-305.431	0.9186766	-1.3828277e-08	360.11350560188293
34	134.80002	41.70976	259.5655	81.46694	27.342466	65.53222	32.63007	102.40769	1.7895408	70000	-0.03644869	676.3788	-0.0077484287	-311.37595	0.91866493	9.059906e-09	371.2391872406006
35	149.0713	52.6671	321.88394	76.83475	30.227272	67.89928	33.004894	103.97637	4.191717	72000	0.09989131	1104.0593	-0.0069497153	-484.6667	0.9186479	9.059906e-09	382.65737414360046
36	144.58429	61.450386	407.91843	81.58098	29.626865	71.50285	35.133125	107.045715	3.7052865	74000	-0.013011051	1361.3389	-0.006070379	-454.93756	0.918644	-1.7642975e-08	393.96673560142517
37	135.20601	46.339962	260.66064	81.61869	27.328768	71.16382	35.791904	110.65076	-3.407747	76000	-0.061112832	865.1937	-0.005949039	-472.99823	0.9186385	-8.5830685e-09	405.2540225982666
38	142.63171	46.747017	297.8194	81.633835	29.029411	70.776	36.549103	111.783455	-8.445701	78000	-0.05032782	863.3429	-0.0076802596	-458.10593	0.9186267	-6.6757204e-09	416.76266837120056
39	145.42117	44.434895	250.02411	81.979996	29.397058	70.98839	36.44732	113.26348	-17.913614	80000	0.013160091	803.6867	-0.007871211	-444.44595	0.91860896	-2.9563903e-08	428.20587825775146
40	150.97626	43.080093	242.10677	81.8108	30.66154	73.76821	36.38844	114.509285	0.06069231	82000	0.02635419	803.0891	-0.0074027106	-445.73248	0.9185961	-4.2438508e-08	439.7396819591522
41	149.27036	55.212517	293.9257	76.89276	30.30303	73.20207	37.30065	115.5945	-44.498672	84000	-0.04093436	1054.1848	-0.006084699	-498.2224	0.91858876	-1.6212464e-08	451.63474798202515
42	151.61618	52.863964	344.31787	81.725716	30.676924	76.79534	38.47404	117.413445	-31.973606	86000	-0.030324228	1082.5692	-0.007485166	-551.5205	0.9185768	5.6266785e-08	463.1912794113159
43	165.54716	66.12688	405.4661	81.70153	33.15	75.816925	37.956226	119.23225	-30.41904	88000	0.013385004	1726.5842	-0.0069342083	-796.927	0.9185632	4.386902e-08	474.78262972831726
44	167.24194	62.096893	389.306	87.2785	33.711864	81.36501	40.676617	122.936424	-1.9329753	90000	0.07330075	1357.2386	-0.0074514747	-635.5477	0.9185501	-5.0544738e-08	486.5111062526703
45	158.93982	52.452305	311.53754	81.87039	32.37705	80.32917	40.3902	126.00429	-19.636784	92000	0.045136657	1050.4901	-0.00679658	-588.0285	0.9185532	-9.059906e-09	497.9824888706207
46	159.11168	47.321274	293.39032	81.787735	32.27869	80.04112	40.753555	127.093544	-21.187805	94000	0.0030695272	978.12366	-0.006602374	-621.34985	0.91855985	4.673004e-08	509.34321308135986
47	172.33438	61.95506	388.29263	85.67984	34.736843	81.05143	40.082855	127.97492	-14.508783	96000	-0.0679432	1235.0679	-0.006784275	-568.95483	0.9185637	-1.5735626e-08	520.9776902198792
48	169.04297	60.055874	315.2688	81.861786	34.12069	85.68833	41.02208	131.21637	-3.202034	98000	-0.07094581	1206.5898	-0.006502226	-630.9212	0.91855943	-2.3841857e-09	532.5384087562561
49	174.15495	62.17016	333.02728	81.824356	35.05357	80.66066	43.08849	133.13928	-3.903831	100000	-0.048624802	1443.9668	-0.0075198673	-804.0647	0.9185526	8.5830685e-09	544.2425169944763
50	178.58347	70.13987	398.67624	81.63891	35.98148	88.7922	43.57832	135.0679	-17.47699	102000	-0.13860902	1744.5361	-0.008359939	-828.6132	0.91853935	-2.002716e-08	555.7825155258179
51	178.05894	54.891655	320.7701	77.07136	36.21818	91.9404	43.920193	138.49878	-8.465445	104000	-0.11954281	1240.103	-0.0072896034	-757.7831	0.91851735	-1.66893e-08	567.4104447364807
52	203.22534	70.805824	483.6624	92.518616	40.75	90.22509	41.037804	139.84755	-13.211868	106000	-0.12866063	2153.4016	-0.005802244	-1132.8438	0.9184751	5.0544738e-08	579.1687140464783
53	205.10823	75.99306	391.1153	86.325195	41.458332	98.21912	46.679504	144.24124	-20.923273	108000	-0.10045032	1855.1246	-0.007868946	-904.6599	0.91843075	-4.8160555e-08	590.803108215332
54	211.02812	76.65312	389.33118	86.58227	43.133335	92.76625	47.481506	148.42441	1.497304	110000	-0.08250674	2111.6174	-0.0068384483	-1165.6702	0.91837275	-1.4305114e-08	602.5144691467285
55	199.29796	84.76203	423.57574	86.616005	40.387756	104.68173	49.258305	153.09706	-15.74114	112000	-0.029040981	2038.1357	-0.0074809752	-1059.1799	0.9183214	3.8146974e-09	614.2550835609436
56	213.32082	76.3328	386.2679	87.054054	42.847828	93.5252	49.675755	155.74037	-41.9121	114000	0.050895356	2144.8816	-0.006888695	-1246.6932	0.91826546	-3.6239623e-08	626.8861696720123
57	210.30078	64.12739	400.6321	92.18835	42.673912	100.62722	49.610165	158.63982	1.5863104	116000	-0.045858048	1711.819	-0.006384805	-998.3094	0.9182257	-2.6226044e-08	638.5348818302155
58	204.2794	78.58881	435.16415	108.16486	41.38298	104.42088	51.549755	160.95125	-51.10612	118000	-0.08022177	2200.5032	-0.007255286	-1119.035	0.91818595	-9.059906e-09	650.4785199165344
59	241.27193	77.18961	401.29593	97.395424	47.57143	98.22506	50.63608	163.15405	-9.603821	120000	-0.11266579	2280.0132	-0.0055353716	-1264.7954	0.9181378	-5.4836274e-08	662.285888671875
60	232.13667	75.45075	403.33905	81.67482	47.317074	115.27077	51.410957	168.2712	0.4083984	122000	0.022969471	2050.6636	-0.006730335	-1048.1904	0.9180821	-1.4781952e-08	674.9708287715912
61	228.36937	74.560455	402.01184	100.0779	46.238094	110.8346	51.21211	169.48703	-17.711369	124000	-0.014745662	1904.0696	-0.0054225735	-1084.4463	0.91803646	-2.4795533e-08	686.5025992393494
62	236.00711	74.42529	404.0033	91.966705	47.214287	107.66208	52.2386	171.96402	-21.921568	126000	0.021377575	1908.0204	-0.0063931653	-1057.301	0.91799587	-1.0490417e-08	698.3258481025696
63	245.54184	78.654785	396.72305	98.633194	49.0	112.39585	56.18234	174.47067	-9.4657135	128000	0.022472054	2083.8242	-0.007222874	-1115.5989	0.91796386	-1.1920929e-08	710.3627848625183
64	249.00304	83.08118	446.49368	97.57731	49.53846	116.78334	53.534424	176.77234	-8.181377	130000	-0.14760818	2098.5862	-0.0070182234	-1089.335	0.9179361	-2.8133393e-08	722.3348107337952
65	274.42938	76.43379	429.9939	152.19418	54.805557	112.37892	56.308716	180.22905	-7.1202793	132000	0.0053429515	2496.0251	-0.006838898	-1428.5135	0.9178985	-2.3841857e-09	734.1265552043915
66	262.09607	78.47996	449.02048	124.24949	53.243244	125.61997	53.899296	184.98874	4.0910654	134000	-0.00089738466	2063.8542	-0.0057186927	-1170.6245	0.91786474	9.536744e-10	745.8862929344177
67	245.35324	79.70654	466.79477	92.59749	49.51282	120.851814	58.126945	187.34773	-25.409079	136000	-0.0011865201	2011.3728	-0.006854279	-1137.65	0.91783667	-1.9073486e-08	757.910478591919
68	285.65567	84.02297	483.6281	145.38876	57.057144	117.19545	57.472725	188.62433	-14.647263	138000	-0.065255515	2438.5647	-0.0059311613	-1331.233	0.9178041	1.1444092e-08	769.9343686103821
69	250.32063	76.49463	391.84763	87.17837	50.307693	122.803154	60.549606	193.32451	-2.5907757	140000	0.025855644	1726.793	-0.0064716134	-1033.5413	0.9177784	-7.152557e-09	781.8865098953247
70	293.1858	82.76331	458.7842	117.05076	58.5	118.88675	57.055733	193.26619	-11.493872	142000	0.00535651	2404.5776	-0.0073655955	-1389.3647	0.9177615	-1.0967255e-08	793.7635407447815
71	273.80365	86.373314	553.51544	115.885635	55.13889	129.71124	60.911613	197.16245	-8.276445	144000	-0.10044639	2656.7388	-0.0050911307	-1437.6028	0.9177377	4.482269e-08	805.7663700580597
72	269.9559	71.540695	448.7031	143.65364	53.405407	122.58614	59.208458	198.36	1.0370376	146000	0.0104153855	2034.4614	-0.0074887993	-1144.405	0.91770774	-4.7683715e-09	817.7817327976227
73	301.18634	91.80927	467.34125	153.58778	59.909092	126.75902	56.955654	199.78758	-7.219001	148000	-0.017350124	2567.451	-0.0065344814	-1401.75	0.9176834	1.9073487e-09	829.590747833252
74	286.75513	69.716675	482.94275	148.22493	57.142857	131.52072	62.44513	205.13336	-9.358131	150000	0.04756549	2149.2244	-0.0054479167	-1234.18	0.9176618	1.4781952e-08	841.4696378707886
75	308.52563	104.688995	605.23096	153.31128	61.75	127.02423	60.26886	206.12617	-1.8811285	152000	-0.07429427	2993.6375	-0.0050417334	-1638.1001	0.9176444	-2.9563903e-08	853.4986391067505
76	306.23306	86.568344	475.78745	122.29593	60.78125	140.49332	64.59136	211.30363	-19.43188	154000	0.023236148	2467.6174	-0.0055081844	-1370.8839	0.91762567	1.4305115e-09	865.5456926822662
77	320.63318	83.95931	520.2949	200.07285	62.21875	135.52005	64.3862	213.50177	-26.84977	156000	-0.087269254	2545.39	-0.004808001	-1492.2527	0.91761	-3.051758e-08	877.6910245418549
78	304.70526	79.32258	479.6312	103.751625	59.878788	145.4619	65.24354	216.9191	-9.62028	158000	-0.15736012	2489.1868	-0.0050795525	-1509.6427	0.917584	-4.4345857e-08	890.0492146015167
79	267.74976	91.29862	579.4623	100.233505	53.594593	131.99297	63.594715	218.14203	-7.203005	160000	-0.018068444	2307.7173	-0.005349802	-1343.9395	0.9175455	-2.7656554e-08	901.9303646087646
80	329.6562	108.35905	712.25433	112.83117	63.80645	133.24844	60.700542	218.49753	-20.056993	162000	-0.0024528857	3180.6733	-0.0065880585	-1750.1442	0.91750956	-6.198883e-09	914.0945823192596
81	329.08438	70.255	547.634	204.7234	64.3871	145.90736	67.56815	224.09224	-2.2551446	164000	0.040828202	2023.9263	-0.006159723	-1302.6532	0.91747886	2.1457673e-08	926.1004779338837
82	308.9689	74.30053	471.8722	160.70749	60.151516	138.84506	69.237885	226.66597	-25.534515	166000	-0.011015383	1782.2974	-0.0054791784	-1115.2195	0.9174489	-2.193451e-08	938.3099117279053
83	339.14114	101.36826	768.3676	199.28008	65.666664	138.74425	64.6746	227.4174	8.249938	168000	0.091160156	2660.3755	-0.005632028	-1369.6616	0.9174259	4.720688e-08	950.3986313343048
84	343.7756	102.02969	569.087	116.31087	67.965515	148.06525	69.49393	233.1549	-6.13739	170000	-0.06510002	2900.833	-0.0052100867	-1672.3381	0.9174145	2.193451e-08	962.4425556659698
85	366.59476	91.405495	547.62683	174.85326	71.25	146.34097	70.35082	237.13268	7.037647	172000	-0.03365516	2677.7644	-0.004664749	-1620.5643	0.917399	9.536743e-09	974.6505959033966
86	336.934	96.60755	547.53174	110.46104	65.96667	155.80293	71.69832	241.80469	1.6003203	174000	-0.16142815	2492.8528	-0.0061395317	-1448.2633	0.91738427	3.576279e-08	986.8071854114532
87	341.7205	97.225624	603.7837	208.47528	65.8	151.5419	71.63793	242.76115	4.1141944	176000	-0.04882659	2415.396	-0.0045943595	-1387.7114	0.9173456	-2.6226044e-08	999.3382308483124
88	347.1228	59.519283	458.2294	184.96515	69.14286	152.37881	71.45226	244.82056	-0.21363163	178000	-0.01751249	1616.833	-0.0050203092	-1111.9393	0.9173109	4.5776368e-08	1011.6044471263885
89	349.65057	83.53198	597.07227	182.22858	68.48276	145.21309	69.219734	244.88724	-20.448473	180000	0.011497	2034.9429	-0.0046346392	-1281.9106	0.9172772	-2.8133393e-08	1023.8026394844055
90	342.46426	76.60853	516.89465	106.72117	66.53333	150.7928	73.19379	247.43651	-12.636126	182000	0.014764455	1785.3269	-0.0043492317	-1146.9138	0.91724926	-2.6226044e-08	1036.2544326782227
91	352.44217	76.16073	550.33466	211.32544	68.72414	152.2415	68.888985	247.88792	-16.645014	184000	-0.15895423	1613.5653	-0.0051080734	-981.74176	0.9172209	1.9073487e-09	1048.3305790424347
92	361.56833	91.655716	623.6622	146.9632	70.10714	151.41313	69.34501	249.03531	-22.572744	186000	-0.08402271	2382.1143	-0.004570566	-1440.0381	0.91718245	1.4781952e-08	1060.4626166820526
93	350.55457	70.32153	561.652	227.59346	67.655174	155.0261	75.3296	250.9109	-0.0115737915	188000	0.025470931	1959.5913	-0.0056125093	-1290.4335	0.9171357	-1.4305114e-08	1072.9690117835999
94	359.75003	67.00681	530.3262	228.8233	69.67857	150.66638	70.19456	251.34497	-3.0045125	190000	-0.04540821	1592.2324	-0.0046608783	-1008.718	0.9170998	-1.4305114e-08	1085.081304550171
95	353.3611	80.825714	490.61038	127.84114	67.10345	153.91475	71.245766	253.33604	-5.4254503	192000	0.077104196	1637.7391	-0.0053830966	-1013.017	0.91706157	2.861023e-09	1097.5152254104614
96	349.5491	90.399666	568.94324	222.40752	68.206894	150.95924	71.293175	255.48254	7.6384916	194000	0.030899812	2127.1	-0.0053236336	-1327.034	0.9170322	1.525879e-08	1109.9582407474518
97	331.24698	77.109665	614.8863	175.06747	64.19355	153.48654	77.5554	257.24548	1.0149438	196000	-0.13928865	2200.2603	-0.004243776	-1473.4045	0.91701007	1.9550324e-08	1122.2505979537964
98	321.32434	80.3968	472.03763	88.004265	61.28125	145.51347	70.119225	255.32309	2.0280402	198000	-0.05017476	1547.3408	-0.0044929534	-939.87067	0.916974	-1.525879e-08	1134.6504309177399
99	340.2328	76.437256	530.1611	209.31241	67.17242	145.57768	69.37654	255.98532	-25.661493	200000	-0.06678928	1573.6249	-0.0052139983	-1030.0327	0.9169389	1.9073486e-08	1146.853730916977
100	353.22717	78.80808	567.4371	244.95699	67.48276	149.6521	68.49843	254.83096	2.3070931	202000	-0.011420661	1604.5555	-0.004272123	-1066.4856	0.916899	2.4318695e-08	1159.3865616321564
101	350.77286	60.641197	486.78122	267.23962	66.333336	149.14369	75.09985	260.99274	-6.1451683	204000	-0.058779296	1243.8458	-0.004327368	-872.43475	0.91686815	2.5749207e-08	1171.6064207553864
102	362.23233	82.6362	607.48737	230.59087	70.17857	151.55174	72.49954	261.6831	-4.686926	206000	0.028663464	1398.8363	-0.0050637014	-847.5848	0.91682893	-4.7683715e-09	1184.14675283432
103	391.72723	123.25514	866.3476	262.1265	75.38461	154.58914	73.484184	263.03275	0.28133106	208000	-0.042359438	3384.6694	-0.0048180297	-2236.748	0.9168028	-2.9563903e-08	1196.4222066402435
104	332.66016	68.09668	508.08893	220.70618	63.48387	157.25246	80.11981	270.2536	-8.512419	210000	-0.06759406	1586.3353	-0.0045588464	-1123.1975	0.9167656	3.3378602e-09	1209.0303649902344
105	328.2594	77.75083	443.26794	93.758125	63.064518	154.59822	71.573395	264.1852	-1.27001	212000	-0.039483298	1502.3999	-0.0048129745	-986.837	0.916726	1.9073487e-09	1221.25829744339
106	340.9446	64.630424	553.19745	200.75995	65.03333	141.85751	72.23388	265.18106	0.9561415	214000	-0.093516655	1436.5825	-0.0045277923	-936.8048	0.9166874	-4.1007997e-08	1233.746250629425
107	351.68176	74.12263	514.86255	241.55217	67.72414	150.04865	68.54574	260.31247	-12.551836	216000	0.03604333	1463.3589	-0.004807031	-893.99194	0.9166441	-2.3841858e-08	1246.3106775283813
108	345.69394	66.27505	522.1649	211.40839	65.7	153.987	72.90477	266.54587	4.0385556	218000	0.0933293	1240.3721	-0.00412111	-842.9346	0.9166113	-1.001358e-08	1258.6106841564178
109	368.60892	73.41231	605.0564	263.49335	70.32143	152.6243	73.186325	267.1075	4.5679293	220000	-0.060934745	1352.7637	-0.0045251697	-863.5244	0.91659105	-1.0490417e-08	1271.1409969329834
110	356.93567	70.03486	588.1763	216.19359	67.27586	152.80627	73.21754	273.4151	1.798944	222000	0.0069700596	1525.8546	-0.0039728424	-1006.76654	0.9165639	-7.629395e-09	1283.434280872345
111	352.68176	80.62835	614.9905	253.7068	68.62069	152.58826	75.16732	273.83295	-6.1712728	224000	0.020150019	1877.0032	-0.0035833605	-1186.719	0.9165364	-1.0967255e-08	1295.8862104415894
112	390.6382	98.93027	757.61847	277.02884	75.5	158.77776	70.418106	273.18765	2.359696	226000	0.03761544	2423.5073	-0.0050345995	-1580.1252	0.9165245	-4.2438508e-08	1308.3462970256805
113	337.05573	52.592834	490.33127	248.86554	65.2	159.17403	78.41382	280.45795	-8.657751	228000	-0.04495656	1435.6145	-0.003949601	-1061.2694	0.9165062	-2.9563903e-08	1321.2134068012238
114	354.27478	90.56476	729.42267	259.2398	68.0	149.39273	72.323845	273.69116	-22.05133	230000	0.004613778	2244.274	-0.00446639	-1529.9025	0.91649514	-4.1007997e-08	1333.7064263820648
115	369.9316	69.41772	537.534	244.10767	71.10714	150.29198	72.638054	275.84366	-7.0819244	232000	-0.03018129	1419.4835	-0.0043579135	-995.24194	0.91647923	6.055832e-08	1346.2697565555573
116	349.50327	57.364502	487.94122	216.10852	65.833336	155.7475	75.806244	282.3532	-16.832977	234000	-0.03749889	975.19385	-0.0046807453	-650.87134	0.9164647	-1.859665e-08	1358.6824400424957
117	357.46194	56.52513	487.57632	246.2554	67.55173	155.23108	72.45218	276.88535	-0.9177518	236000	0.060027976	969.6245	-0.003784228	-623.0176	0.91644675	-1.9073486e-08	1371.1822626590729
118	391.06464	83.82146	555.5505	243.44838	76.23077	156.24881	74.10991	281.7716	-15.162541	238000	-0.084241286	1551.6709	-0.0045187995	-1053.1667	0.9164405	1.9073486e-08	1383.6497197151184
119	367.9686	71.33143	491.27283	257.72116	69.82143	156.95682	77.61143	286.60168	-25.918331	240000	-0.084267296	1281.1661	-0.005821079	-828.8904	0.91641927	-2.193451e-08	1396.1470296382904
120	349.27283	63.91595	514.2608	230.31525	66.82758	160.68834	75.01927	282.23746	-5.5698447	242000	-0.04124191	1256.4077	-0.005442366	-846.68713	0.9163971	-3.7670137e-08	1409.049559354782
121	370.4625	68.09484	573.90857	258.6364	70.07143	152.40756	73.797264	277.5042	-0.5738435	244000	0.015955534	1102.7228	-0.0043247156	-745.97614	0.9163662	-2.002716e-08	1421.5275111198425
122	378.60156	78.568794	539.49615	283.44092	72.296295	154.27982	76.53344	285.1748	-2.7634087	246000	0.010871383	1632.5502	-0.0044831075	-1211.5691	0.9163409	2.5749207e-08	1433.977607011795
123	358.01617	59.81999	476.65192	252.06581	68.75	166.65776	73.63111	288.80768	-12.321074	248000	0.068125136	1444.6088	-0.0045805722	-1048.6643	0.91632617	-1.9073487e-09	1446.6140291690826
124	359.7012	62.54954	520.0535	268.49402	68.53571	153.05124	74.803665	289.21503	-2.8019729	250000	0.103376314	864.36273	-0.0040103123	-577.8462	0.9163164	-2.3841858e-08	1459.1025359630585
125	360.21295	81.260414	616.24457	237.43517	68.655174	154.59247	73.76797	292.40573	-2.1187224	252000	-0.045992598	1412.6816	-0.0051707253	-890.9586	0.9163185	-1.4781952e-08	1471.750438451767
126	360.60345	68.53477	519.80237	239.30751	68.75	157.15446	75.3585	290.75073	-2.3590598	254000	0.08501889	1109.5509	-0.0054076985	-769.78925	0.91632086	1.3828277e-08	1484.1345310211182
127	392.32645	77.305695	606.10645	285.85464	75.46154	159.48853	74.514244	294.12418	-5.9951897	256000	-0.04962739	1722.0504	-0.0026586354	-1197.7256	0.9163221	-4.863739e-08	1496.5625259876251
128	401.73322	141.14093	829.35297	266.0903	75.92308	165.63191	73.98109	295.9312	-5.3977213	258000	-0.0046631326	2691.3032	-0.0031431285	-1731.3064	0.916327	1.7642975e-08	1508.9842336177826
129	372.96777	95.14008	578.2697	217.15439	72.25926	170.41907	85.59899	306.84988	-7.2388687	260000	-0.006679559	1931.1631	-0.004191084	-1334.3461	0.91632384	-7.152557e-09	1521.3622109889984
130	347.4731	64.65059	503.41504	219.17587	66.1	159.07736	74.79531	302.95264	-21.807713	262000	-0.036594696	1238.6282	-0.0052842647	-893.4523	0.91632086	4.5776368e-08	1533.982004404068
131	348.03003	62.844383	547.6788	221.96461	67.06896	155.71013	75.440765	293.80032	-18.26355	264000	0.020377042	1191.565	-0.004441645	-841.643	0.9163174	2.8610229e-08	1546.2426626682281
132	361.19623	64.78408	535.58093	258.1732	70.14286	150.51611	73.59755	288.10513	-0.9429579	266000	-0.06786139	1045.2128	-0.0052045286	-721.2614	0.9163195	-1.001358e-08	1558.8546590805054
133	361.40067	68.37109	598.50446	241.31218	69.5	154.66966	74.425804	290.70428	-17.830917	268000	0.009971703	1282.7986	-0.0041075465	-870.27466	0.9163053	-6.6757204e-09	1571.5983707904816
134	371.628	91.07796	656.98816	221.46939	72.37037	155.10474	72.89855	299.3826	-7.069338	270000	-0.049356215	1885.9911	-0.0041190907	-1275.718	0.91630334	-3.576279e-08	1584.0184729099274
135	340.70233	55.757744	527.5774	236.33163	67.10345	153.64359	76.792496	296.46533	-0.69980574	272000	0.030215867	1296.3948	-0.0043697823	-944.22473	0.9162899	-5.722046e-09	1596.4217059612274
136	357.1274	63.996033	503.2037	223.3385	68.655174	149.90425	71.83353	281.18063	-5.1827455	274000	-0.01570895	1057.9307	-0.005416721	-716.3247	0.91627896	3.862381e-08	1608.9142932891846
137	415.4729	120.071785	884.4146	296.63593	81.041664	152.37425	72.244194	289.28152	-4.797817	276000	-0.043001678	2822.787	-0.005335208	-1899.1213	0.91627485	-1.9073487e-09	1621.5585992336273
138	358.7512	44.0688	463.4996	283.0754	68.793106	164.26884	82.61162	307.0648	-6.9373274	278000	0.10174607	1060.077	-0.0042820275	-793.50116	0.916264	1.5735626e-08	1633.949979543686
139	360.1154	73.195244	637.9745	266.18192	69.71429	155.57562	72.994286	292.31866	-1.9954815	280000	0.07623832	1482.0448	-0.0047018155	-1009.0667	0.9162597	-1.859665e-08	1646.3404150009155
140	374.3238	66.169395	525.5522	268.2761	72.59259	158.589	75.40946	290.98465	0.5655446	282000	-0.1327867	1102.3492	-0.0056550354	-740.48865	0.91627526	1.7166137e-08	1659.0104069709778
141	374.31702	81.36357	595.27484	225.23055	72.59259	149.66031	73.77345	292.4537	-4.731355	284000	-0.007323021	1679.1515	-0.004216713	-1179.0348	0.9162691	-1.525879e-08	1672.338653087616
142	352.6856	80.928246	554.4978	234.28522	68.24138	162.01123	75.81478	291.6975	1.9106216	286000	0.01392028	1381.9491	-0.005150197	-950.72327	0.91626054	-1.001358e-08	1685.3584554195404
143	385.74133	97.12569	730.23566	214.86038	75.15385	147.40234	73.4515	291.9267	-4.1230607	288000	0.04330494	2540.6248	-0.0054382198	-1716.0916	0.91625726	2.8610229e-08	1697.9542608261108
144	383.55115	75.33872	600.6549	268.49594	72.59259	164.8614	78.08964	302.3718	1.093586	290000	0.10142118	1502.6543	-0.005117379	-1067.2722	0.91625834	-6.198883e-09	1710.6233105659485
145	362.7356	74.56518	509.28003	173.89421	71.10714	160.92441	76.896255	298.47888	-17.24176	292000	0.0826898	1492.7793	-0.003693007	-1047.4316	0.9162724	1.5735626e-08	1723.1499469280243
146	369.38785	95.93332	648.9509	243.30267	72.77778	155.71202	75.56974	301.09882	-16.135977	294000	0.00071295025	2388.405	-0.00450461	-1598.3079	0.91629094	5.5789947e-08	1735.5505475997925
147	358.89932	53.060856	508.50964	284.18613	69.60714	156.00438	75.93194	285.19714	-18.548014	296000	-0.059485365	1178.4062	-0.0042151175	-794.74164	0.91630924	-8.106232e-09	1747.902274608612
148	403.91507	89.1913	645.94434	266.01157	76.65385	156.51385	72.16286	295.2057	-16.703808	298000	-0.051140208	1729.6637	-0.0039024763	-1167.091	0.91631806	1.9550324e-08	1760.686543226242
149	385.38126	92.70818	630.89044	243.30608	73.666664	170.6858	79.41533	310.2787	-13.885912	300000	0.008721527	1624.037	-0.004487794	-1091.6392	0.916323	1.4305115e-09	1773.1055698394775
150	368.59155	88.174164	541.2762	212.18436	72.40741	165.80708	79.972725	309.3603	-2.240397	302000	-0.01964539	1965.683	-0.004521109	-1406.2991	0.91632783	-2.7656554e-08	1785.67511677742
151	378.23892	137.93242	896.40826	153.22594	73.73077	160.15652	73.71566	285.17282	-19.042076	304000	0.072501525	3459.7976	-0.0037756115	-2149.5278	0.91633266	2.7656554e-08	1800.0426759719849
152	365.09402	95.50709	718.2482	217.91089	70.32143	157.78363	76.68584	304.67102	-16.689444	306000	-0.005981515	2337.7952	-0.003644932	-1570.4247	0.9163434	2.1457673e-08	1814.4386312961578
153	354.2747	58.96833	483.83408	260.32678	68.24138	155.30424	77.20657	298.2354	-28.064516	308000	0.055972487	1430.2678	-0.004445933	-1052.3248	0.91634774	3.671646e-08	1826.947907447815
154	362.28885	83.19828	566.54266	210.93214	69.35714	153.17035	71.46567	291.0488	-12.674969	310000	-0.098046154	1478.7742	-0.004012607	-981.42346	0.9163624	-2.5272369e-08	1839.426578760147
155	358.5626	88.36016	594.8789	202.82472	71.35714	162.58205	77.35349	295.19543	-10.24999	312000	0.06871977	1950.2804	-0.0044836253	-1383.1769	0.9163606	-3.3378602e-09	1851.8137328624725
156	379.59717	79.31909	546.3375	275.28403	74.53846	154.36652	75.092026	290.37585	-14.937613	314000	-0.080619305	1506.8262	-0.003891632	-1070.1526	0.9163713	9.536744e-10	1864.6146783828735
157	397.3061	135.33315	854.3206	145.36342	77.56	154.93422	76.806915	302.90778	-10.4914255	316000	-0.12901711	4156.536	-0.003964752	-2845.1216	0.9163661	-4.768372e-10	1878.0722842216492
158	363.9349	96.737404	752.9419	235.07355	70.07143	166.99934	80.30603	317.62628	-12.387083	318000	-0.12205593	2332.161	-0.0046266466	-1562.7306	0.9163509	2.4318695e-08	1890.2943348884583
159	382.36835	117.81534	670.8299	113.6334	75.5	163.2126	76.257744	303.52087	-7.3875	320000	0.041387122	2208.137	-0.004975628	-1459.6155	0.91632235	-1.66893e-08	1902.7062656879425
160	375.53162	71.80227	556.98395	242.30371	74.03704	159.15936	81.66284	319.60757	-1.8874664	322000	-0.06229853	1586.408	-0.0038168952	-1114.971	0.91630244	6.9618224e-08	1915.4387266635895
161	356.391	65.444176	506.07962	236.37164	68.82758	156.27933	75.972595	300.04642	-3.4391127	324000	-0.03501069	1344.2087	-0.0040470697	-901.8634	0.91627747	-2.6226044e-08	1929.6864676475525
162	358.66962	76.78602	569.56024	180.75064	69.21429	151.77234	71.94294	290.70694	-11.55599	326000	0.004243812	1528.7947	-0.005283594	-1020.58344	0.9162514	-5.3405763e-08	1944.75009226799
163	360.6819	82.53502	512.4965	148.59651	70.21429	162.13972	74.68449	296.27222	-11.296911	328000	0.05387674	1667.3535	-0.005230911	-1060.6292	0.9162315	-5.722046e-09	1960.1825709342957
164	363.8559	65.182594	482.7651	195.44827	71.25926	152.92426	74.726425	283.38278	-13.057	330000	-0.026715443	1454.6549	-0.0038709939	-977.2405	0.916213	-2.2411346e-08	1975.8226346969604
165	363.0143	70.090324	461.52582	211.6735	71.21429	152.9662	74.78929	301.76654	-1.0517602	332000	-0.012426882	1278.5793	-0.004833569	-876.6737	0.91619945	-4.7683715e-09	1991.46657538414
166	365.49078	71.30823	535.27094	243.44789	71.888885	149.82938	75.44958	281.13577	-12.672121	334000	-0.03664206	1447.5255	-0.004424643	-987.3655	0.91618514	6.6757204e-09	2007.0529041290283
167	371.81808	118.91896	655.8522	178.32184	72.96296	160.25632	72.981415	289.39285	-11.354511	336000	-0.017431667	2366.9905	-0.0035967454	-1472.9083	0.91616225	-9.536743e-09	2022.4546241760254
168	386.7851	89.21264	627.4367	262.47678	75.15385	157.83247	77.64727	302.2721	-12.745012	338000	-0.02634853	1713.0162	-0.006564265	-1103.1669	0.91614527	5.722046e-09	2038.1745555400848
169	360.2923	52.762962	443.904	248.89647	69.35714	158.3114	75.8948	302.97073	-8.85878	340000	-0.107111745	1211.21	-0.0049240664	-820.49756	0.9161233	-5.00679e-08	2050.397787332535
170	376.15793	91.92227	691.6517	271.72058	74.03704	154.08356	72.56331	285.22836	-6.699026	342000	-0.015835019	1561.8453	-0.0041304287	-994.6639	0.91609806	-4.768372e-10	2062.885897397995
171	378.87598	83.40317	680.33777	288.29605	73.44444	159.84787	77.710915	292.30972	-9.312638	344000	-0.021445116	1583.1938	-0.0039084237	-1080.206	0.91606873	2.1457673e-08	2075.4107735157013
172	370.03165	86.97054	593.3586	227.29713	73.14815	166.5346	78.49483	323.84668	-2.6138668	346000	0.030991817	1763.5103	-0.004995689	-1236.9668	0.91603976	2.002716e-08	2087.8495757579803
173	381.80588	80.066376	557.36176	256.32352	73.96296	153.02191	74.89123	299.68134	-29.44971	348000	-0.023868892	1789.4785	-0.0044526793	-1250.8229	0.9160218	1.2397766e-08	2100.114496946335
174	378.97327	71.64287	499.53763	263.73383	73.5	162.60184	77.4073	308.30695	-7.328807	350000	0.022315327	1485.102	-0.0038486067	-1019.86914	0.91599715	-4.7683715e-09	2112.6268196105957
175	386.5188	89.478226	622.371	260.31842	73.40741	152.75848	76.13199	296.85992	-18.578522	352000	0.040335074	2003.787	-0.004635088	-1445.7488	0.91598135	1.5735626e-08	2125.2577106952667
176	335.53836	65.48012	506.29803	196.64674	63.548386	167.12692	79.531334	311.2342	-0.72221804	354000	-0.044533312	1843.7802	-0.004810337	-1359.9003	0.9159672	-3.4809112e-08	2137.582494497299
177	351.8496	63.025845	535.8773	201.658	66.413795	150.59444	69.21621	287.87436	2.9081788	356000	-0.006760163	1012.13165	-0.0039020414	-676.82495	0.9159536	7.629395e-09	2149.918229818344
178	376.32562	72.31951	551.5832	271.65894	72.55556	151.95216	74.22979	285.83167	-23.848629	358000	0.04666969	1360.876	-0.003997948	-913.7643	0.9159363	6.6280364e-08	2162.5781576633453
179	339.808	69.488144	491.65704	208.22455	65.5	157.53813	77.61017	297.51035	-3.7137423	360000	0.019100338	1418.4473	-0.004543947	-995.7239	0.91593033	7.152557e-09	2174.81467962265
180	361.14346	55.094547	485.50592	263.23785	68.793106	145.30052	71.91176	273.88867	-30.090057	362000	-0.13035999	1126.638	-0.0039851516	-816.8353	0.9159262	-1.9073487e-09	2187.3746128082275
181	341.27167	65.64372	583.3171	243.39026	65.03333	155.25882	75.96621	297.6917	-9.726034	364000	0.0002985959	1137.993	-0.005106309	-695.96655	0.9159034	2.193451e-08	2200.1391866207123
182	380.53223	83.310036	589.2312	249.35976	72.333336	157.5682	69.63594	302.4463	-4.801691	366000	-0.04053547	1564.9147	-0.0044696443	-1013.5425	0.91588634	-3.1471252e-08	2212.2944762706757
183	355.73563	55.574657	500.18478	282.2968	69.03571	156.75826	79.14936	307.32376	-29.064302	368000	-0.05057488	1366.4606	-0.00483533	-977.08307	0.91586983	7.104874e-08	2224.963527441025
184	352.91953	67.53705	528.9014	241.57553	67.13793	155.0422	73.70522	289.81967	-1.083003	370000	0.15884286	1209.0189	-0.0048078895	-766.30225	0.91584206	3.4332274e-08	2237.4064569473267
185	371.52524	99.417305	758.637	238.32869	71.21429	153.87254	75.52895	296.67862	-4.135001	372000	-0.008418956	1628.4716	-0.004526533	-1012.71594	0.9158411	-8.5830685e-09	2249.918104171753
186	373.7687	101.73075	632.44507	145.85916	72.25926	168.0198	75.45407	301.7877	-0.56881475	374000	0.02973366	1934.8647	-0.0046769995	-1281.9028	0.9158411	2.002716e-08	2262.3343613147736
187	361.41537	97.283264	730.617	246.85204	69.32143	160.18813	77.86869	302.20273	-17.151735	376000	0.03755696	1364.0227	-0.0045693144	-862.1481	0.91584206	3.71933e-08	2274.938747406006
188	373.23636	66.20701	520.5313	252.89262	71.25	157.26389	76.00094	307.18192	-42.99093	378000	-0.0048842505	960.2742	-0.0040087774	-633.3887	0.9158452	-9.536744e-10	2287.264506340027
189	347.6495	63.14473	476.41357	171.13158	66.566666	159.24014	78.40533	322.2829	-12.308775	380000	-0.08308581	1131.8713	-0.0048467144	-785.0448	0.91584784	2.002716e-08	2299.902622461319
190	355.9786	59.824013	550.53796	222.68562	68.48276	150.23955	73.83328	304.9826	-22.78278	382000	0.07317555	1159.4579	-0.004258372	-788.30676	0.9158436	1.5735626e-08	2312.181650876999
191	376.6002	92.38313	695.825	240.52548	71.666664	155.00383	70.76125	294.37506	-8.456713	384000	0.009406623	2019.4796	-0.0040415945	-1200.8608	0.91584533	3.3378602e-09	2324.7313640117645
192	354.29398	71.94342	534.3856	188.81885	67.75862	162.01137	77.084206	292.99817	-43.230404	386000	-0.011809056	1379.0941	-0.004558253	-944.3981	0.9158491	-8.2015994e-08	2337.2976355552673
193	343.6798	56.33177	474.12762	230.44936	65.666664	150.04248	74.3106	292.40466	-24.36337	388000	0.03442714	1075.8329	-0.0044918414	-748.8669	0.91585374	1.0490417e-08	2349.8667681217194
194	364.27182	77.9591	657.6937	251.85178	69.53571	150.33679	72.10103	276.54227	-16.847603	390000	-0.0016713452	1750.7561	-0.0051310314	-1233.1152	0.9158596	4.005432e-08	2362.4982345104218
195	383.17532	57.875546	522.23773	260.50827	73.296295	162.22691	74.124825	297.049	3.409523	392000	-0.068780854	1036.7323	-0.004956901	-752.3833	0.91585904	1.3351441e-08	2374.7437584400177
196	381.23737	108.48184	848.5123	275.7764	72.666664	158.73099	78.11358	299.73047	-6.6144075	394000	0.103987545	2667.2188	-0.0051761195	-1844.0498	0.9158603	3.528595e-08	2387.510501384735
197	395.96237	89.23544	564.8712	273.7718	76.80769	167.12654	75.77299	310.79276	-31.032051	396000	0.054962944	1941.0126	-0.004920028	-1407.6525	0.91586334	-1.6212464e-08	2399.8823568820953
198	365.2808	72.743454	542.5475	194.95587	70.21429	164.56578	81.28327	314.90414	-20.76944	398000	-0.030059393	1398.9481	-0.0043185726	-999.4061	0.9158811	-1.0967255e-08	2412.9264364242554
199	371.78983	88.72512	622.9375	270.84616	72.96296	156.54584	77.44704	288.50095	-3.3835788	400000	0.0343552	1156.2802	-0.0050240494	-748.24817	0.9158879	1.525879e-08	2425.446629047394
200	355.11096	63.895264	528.2354	240.13033	67.51724	153.2296	75.763115	311.75067	-1.0689573	402000	-0.05857138	960.75183	-0.005471017	-682.9298	0.91589814	-3.8146974e-09	2438.2980573177338
201	360.17535	56.052208	491.6659	293.68793	68.586205	159.84003	74.37897	296.05276	-11.104864	404000	-0.041567467	834.3477	-0.0037093535	-548.0736	0.91590416	-2.3841857e-09	2451.1357276439667
202	354.3325	54.42206	461.05313	259.92764	67.89655	152.50304	76.568634	297.34717	-13.550688	406000	-0.22376767	822.645	-0.005106747	-569.69196	0.9159047	1.9073486e-08	2465.642490386963
203	355.88007	91.88655	655.6324	199.58711	68.793106	153.22375	74.44791	273.46295	-21.018772	408000	-0.050509453	1545.5597	-0.0052045435	-1085.7246	0.91587263	4.386902e-08	2478.3343002796173
204	382.27655	64.738976	595.51807	240.1079	72.666664	154.21333	79.05251	302.25262	-13.983767	410000	0.028063493	1055.1478	-0.0061828475	-748.00964	0.9158476	-4.8160555e-08	2489.5338082313538
205	358.89508	71.21129	503.51553	276.75052	68.31035	159.68048	76.560234	291.2198	-1.8402667	412000	-0.16710164	1188.8938	-0.004091099	-775.1205	0.9158261	-3.1471252e-08	2498.838301897049
206	383.76175	94.061806	603.2981	239.23773	73.74074	162.03322	75.296776	293.77692	0.23087692	414000	-0.0619836	1687.6368	-0.0051063523	-1153.6489	0.9157837	2.336502e-08	2508.234095811844
207	371.36847	80.6091	517.128	212.26518	70.75	157.60425	78.74845	298.21155	-9.194309	416000	-0.010145545	1563.7328	-0.0056884345	-1101.6877	0.9157402	-4.768372e-10	2517.6496028900146
208	388.96283	88.5029	688.5099	258.50598	75.73077	168.45189	78.01183	309.50146	-21.900627	418000	-0.025569603	1443.1884	-0.0041097756	-996.7672	0.9157043	2.8610229e-08	2527.0742938518524
209	368.91068	56.50327	481.35568	232.6369	70.21429	159.65787	79.56567	315.27563	-18.198156	420000	0.04117382	1049.4058	-0.0058668666	-751.4517	0.9156693	-2.1457673e-08	2537.4717824459076
210	383.73047	76.702545	576.51575	247.0309	73.80769	156.7561	73.88641	297.9405	5.9941735	422000	0.11004656	1330.3511	-0.003717862	-958.0852	0.91564023	-4.2915342e-09	2550.010510444641
211	366.92447	65.689316	508.58627	257.80734	70.78571	164.76268	81.732056	310.808	-11.101064	424000	0.089666896	1139.9254	-0.004375674	-803.0968	0.915628	-9.536743e-09	2562.474958896637
212	367.24615	69.0591	533.8271	268.03995	71.03571	154.72653	74.23992	287.61118	2.963799	426000	-0.042690523	935.8911	-0.004543066	-616.62445	0.91561884	-1.9073487e-09	2575.111393928528
213	389.40237	75.01668	571.0554	275.1021	74.07407	157.00659	75.900444	296.19006	-5.773728	428000	0.0510742	1001.74036	-0.005243007	-667.5398	0.9156138	-3.0994414e-08	2587.765696287155
214	364.3301	61.378613	529.9468	277.47778	70.10714	165.96327	80.07221	330.18658	6.1364436	430000	-0.0010133038	992.9354	-0.0032902583	-713.6964	0.91560835	5.7697296e-08	2600.258164167404
215	374.29895	71.12928	555.3837	256.05673	70.77778	157.5278	75.598915	298.3093	1.7581205	432000	-0.006004057	896.94025	-0.0042323824	-587.8368	0.91561	1.4781952e-08	2612.7384238243103
216	384.78864	71.37691	611.2604	283.06143	74.07407	160.48543	76.76508	309.3319	-9.836569	434000	-0.011754369	999.472	-0.0046992954	-648.58777	0.9156044	2.9563903e-08	2625.4663846492767
217	377.2296	62.217873	549.63464	276.2487	71.92593	164.92032	79.18673	305.0947	-0.74742746	436000	0.07251126	907.88385	-0.0052391365	-629.17206	0.9156058	-4.2915342e-09	2635.8426337242126
218	369.24963	80.17347	562.35114	216.34058	70.888885	160.43979	76.45053	300.33286	6.571932	438000	-0.03053233	1031.8447	-0.003810268	-664.5138	0.91561216	4.386902e-08	2645.265636444092
219	359.375	56.53306	487.5718	263.37503	67.68965	158.10973	78.16777	289.502	2.5684443	440000	-0.044217914	615.73627	-0.003636282	-399.43915	0.91560835	-1.2397766e-08	2654.5489962100983
220	374.73172	53.425922	525.1369	278.6913	70.82143	160.79016	76.4742	299.41196	-0.79113436	442000	0.03358525	730.0046	-0.004403487	-494.97003	0.9156098	1.0490417e-08	2664.2058749198914
221	357.68982	66.50531	594.12964	237.9269	68.48276	157.10765	79.41954	292.1518	-11.355611	444000	0.049556516	702.8059	-0.005312804	-451.71463	0.91560614	2.2411346e-08	2673.662625312805
222	364.92523	71.64738	600.03766	264.95905	68.51724	153.5473	75.31709	289.33408	2.3075056	446000	-0.06668568	864.7981	-0.004754238	-566.4436	0.91561055	8.106232e-09	2683.1667041778564
223	369.79865	140.99042	1046.5688	258.34247	70.96429	165.69087	78.72104	299.58835	-5.521471	448000	-0.04606697	2174.2395	-0.005546164	-1266.2307	0.91560525	4.4345857e-08	2692.7586052417755
224	387.30844	55.585346	521.2645	286.8963	73.333336	159.46454	78.37036	309.6599	-3.0684495	450000	-0.073187724	1188.5415	-0.0057911053	-934.5189	0.91560155	2.7656554e-08	2702.1947796344757
225	379.27762	75.091354	549.9464	216.8506	71.14286	161.18085	77.780754	300.17822	-1.3783288	452000	-0.10744475	906.6353	-0.005310759	-615.0248	0.91558105	-2.336502e-08	2711.6424429416656
226	368.05563	97.43088	789.77545	257.07892	70.64286	159.69753	78.21767	301.1653	10.639121	454000	-0.03628685	1989.0658	-0.003634978	-1429.2771	0.91555953	1.001358e-08	2721.310005903244
227	366.8143	64.46034	545.2302	278.07825	69.60714	158.17404	75.63948	295.9449	-11.875353	456000	0.016906392	797.35645	-0.0035740081	-536.70483	0.91552925	4.768372e-10	2730.7897522449493
228	387.7977	85.23592	603.7433	287.24103	75.30769	157.68564	77.857315	291.0001	-10.6561	458000	-0.04885513	1335.7316	-0.0041695423	-898.05054	0.9155105	1.0967255e-08	2740.3983368873596
229	356.98312	60.227394	493.43582	250.24405	68.78571	156.89598	78.21965	305.3344	-25.137566	460000	0.017813662	871.34	-0.0053885365	-597.73175	0.91548306	2.4795533e-08	2750.1425244808197
230	391.44174	83.2985	595.7197	283.88895	74.0	165.82475	76.960846	297.1237	2.307819	462000	-0.11208441	1020.688	-0.00472188	-654.8283	0.91546	-2.7179718e-08	2759.8785490989685
231	401.29987	102.54285	774.6539	302.76843	76.73077	168.6839	80.00122	301.31982	8.743137	464000	-0.005688079	1277.4774	-0.0043004234	-827.4839	0.91542804	-2.193451e-08	2769.4455773830414
232	378.71603	74.43689	574.8184	281.132	72.59259	163.90085	80.57224	319.63892	6.9038105	466000	0.04768769	1300.9968	-0.003986411	-1047.3734	0.91539735	2.193451e-08	2778.9945480823517
233	375.21255	75.40916	542.0701	232.25629	71.14286	165.20323	80.10902	311.13367	-0.42040348	468000	0.02137081	853.55444	-0.0035326704	-565.11383	0.9153811	-3.2901763e-08	2788.638735771179
234	417.0509	102.71154	788.974	315.77664	79.8	167.6829	79.29385	300.38834	-7.5709853	470000	0.019229945	1247.9148	-0.0039789947	-827.50757	0.9153591	3.0994414e-08	2798.2223205566406
235	379.64087	56.60834	496.99933	273.61203	71.48148	169.3747	83.60217	324.80737	8.4661875	472000	0.08789974	913.579	-0.0056424737	-632.594	0.91535074	2.3841858e-08	2807.7986328601837
236	372.75586	69.95401	515.0717	273.70212	72.22222	158.77364	79.00776	309.05817	-3.5030832	474000	-0.02236144	848.21545	-0.00496999	-566.2352	0.915349	2.193451e-08	2817.3740537166595
237	397.0393	86.26011	632.92017	275.0553	77.96	166.31786	78.81143	309.5775	-5.9560676	476000	0.082320064	1214.1312	-0.0031387955	-803.6033	0.91534424	3.528595e-08	2826.858524084091
238	360.05603	51.76278	483.0885	273.49026	68.72414	157.32326	79.66614	318.72308	-3.7622576	478000	0.017039726	770.4534	-0.0041070646	-519.5867	0.91534895	-3.3378602e-09	2836.4104075431824
239	366.192	58.657574	525.39453	264.18097	70.71429	151.05325	74.50037	286.06342	-4.1114683	480000	0.017216137	820.3972	-0.0045725377	-569.3331	0.9153558	-6.198883e-09	2846.0381956100464
240	361.7683	70.09782	605.6131	209.55542	68.5	165.23119	78.666794	317.27924	6.280567	482000	-0.102735914	1090.5591	-0.005227506	-702.3402	0.9153677	8.106232e-09	2855.566263437271
241	391.9866	77.72208	594.04034	270.1694	75.73077	157.5271	72.386086	298.10046	8.503939	484000	-0.08718333	1053.5773	-0.004033275	-679.8217	0.91536325	8.392334e-08	2865.3655853271484
242	404.6687	119.50699	710.36273	278.66327	77.6	165.03546	78.96754	303.77924	-6.766913	486000	-0.15592796	1946.455	-0.004821345	-1266.2188	0.915348	9.059906e-09	2874.9383850097656
243	372.65506	72.72369	567.0928	263.53336	72.07407	165.527	82.72971	323.4952	0.38108683	488000	0.040022675	1365.2538	-0.0054970384	-1022.741	0.915321	-7.629395e-09	2884.746700525284
244	417.13464	67.27593	613.45605	306.9805	80.708336	164.65273	77.87183	307.38782	-9.9960785	490000	-0.109657235	1256.5928	-0.0051011294	-846.73395	0.9152983	-2.9087067e-08	2894.250473499298
