Epoch	AverageEpRet	StdEpRet	MaxEpRet	MinEpRet	AverageTestEpRet	StdTestEpRet	MaxTestEpRet	MinTestEpRet	EpLen	TestEpLen	TotalEnvInteracts	AverageQVals	StdQVals	MaxQVals	MinQVals	LossPi	LossQ	Time
1	118.92663	32.087772	225.90459	83.35781	58.15545	2.1861484	61.575115	56.62704	23.654762	12.3	1999	15.36091	6.2206774	32.372803	-1.8122059	-15.67576	1.0751535	113.20823454856873
2	122.1806	35.9243	271.07928	78.35527	60.548096	1.9192059	61.645496	56.691875	24.353659	12.8	3999	40.26993	15.265571	71.84343	-13.017577	-39.71091	3.2749305	422.88740849494934
3	122.81046	36.91149	232.937	83.20383	58.607464	2.3228903	61.615124	56.52163	24.469135	12.4	5999	36.02648	20.132555	73.711395	-9.409671	-31.952381	4.7687564	738.5757310390472
4	121.16244	42.074238	320.73984	78.71947	59.602924	2.3141534	61.642654	56.696274	24.190475	12.6	7999	29.886967	11.82172	57.316895	-4.190532	-27.286976	2.2106955	1029.061155796051
5	116.3646	35.33311	244.06985	78.542854	58.588573	2.364097	61.674175	56.530228	23.255814	12.4	9999	30.695166	12.987859	58.44333	-2.2706532	-27.84396	2.2219014	1383.7526841163635
6	60.36416	2.2802286	62.424976	57.03528	59.141785	2.4053993	61.659626	56.572994	12.64557	12.5	11999	31.304787	12.729391	61.632687	-9.213168	-28.933071	1.8173909	1750.9054794311523
7	60.280083	2.3082721	62.300976	57.029053	61.057777	1.427823	61.63444	56.781826	12.626582	12.9	13999	35.77627	15.5817375	72.249115	-1.8842297	-34.295055	1.9335788	2120.302624464035
8	60.563416	2.2171571	62.37899	57.025406	59.571358	2.2889495	61.604225	56.572334	12.683544	12.6	15999	37.37001	17.21623	76.528206	-0.5219207	-36.048477	1.8573198	2490.7318353652954
9	60.115536	2.356641	62.317272	57.01617	60.05059	2.130712	61.595703	56.702045	12.597485	12.7	17999	38.02757	18.041456	80.48069	-1.8835562	-36.787453	1.7762091	2878.7501022815704
10	60.211594	2.3237631	62.33664	57.04395	59.582542	2.3239777	61.5793	56.70884	12.613924	12.6	19999	37.856384	18.341778	82.78606	-0.6534077	-36.752438	1.6800946	3272.8412528038025
11	60.48853	2.2624478	62.36306	57.03789	59.09904	2.389196	61.580723	56.649403	12.670886	12.5	21999	37.681328	18.501429	87.24184	-3.1805482	-36.71269	1.571717	3676.430520057678
12	60.478848	2.2501469	62.391045	57.0921	59.14445	2.3358097	61.64546	56.633396	12.670886	12.5	23999	37.621803	18.600348	83.0288	-2.409442	-36.74484	1.4467629	4100.021106481552
13	59.983467	2.369929	62.324364	57.05678	59.147026	2.356475	61.60225	56.62894	12.566038	12.5	25999	37.386967	18.71838	84.417274	-2.4948795	-36.57571	1.3684187	4508.677085399628
14	60.441605	2.2636685	62.323753	57.06039	59.61422	2.3496373	61.71294	56.68485	12.658228	12.6	27999	37.182243	18.763433	82.893394	-1.2645001	-36.428375	1.3386328	4937.7486271858215
15	60.359184	2.2916925	62.29777	57.04576	58.67028	2.2955663	61.6056	56.701645	12.64557	12.4	29999	36.83454	18.71121	83.96555	-0.70964533	-36.145164	1.2776039	5364.150041341782
16	60.22488	2.3355577	62.3711	57.055893	59.104614	2.3395865	61.60572	56.6958	12.616352	12.5	31999	36.604206	18.672396	84.69849	-6.608563	-35.962772	1.2073334	5775.479054927826
17	59.959072	2.3716896	62.330338	57.056953	59.13683	2.3359325	61.665604	56.697613	12.559749	12.5	33999	36.226036	18.552399	83.34063	-1.3897645	-35.607704	1.1449747	6189.964810848236
18	60.742485	2.143071	62.323826	57.010227	58.63315	2.3556995	61.55941	56.54551	12.726114	12.4	35999	36.084763	18.454832	83.78076	-1.7203357	-35.50243	1.1046098	6585.443388938904
19	60.573193	2.2255275	62.327446	57.038	59.5908	2.3526075	61.629795	56.496044	12.689874	12.6	37999	35.70243	18.260223	83.57853	-1.7483382	-35.157013	1.0581527	6988.204662322998
20	60.299984	2.3091455	62.332664	57.079636	58.569397	2.296975	61.452442	56.578354	12.632912	12.4	39999	35.501637	18.271858	83.686844	-1.9275671	-34.968887	1.0002953	7388.529369592667
21	60.170353	2.3311305	62.358704	56.92848	58.095894	2.2131	61.573925	56.569977	12.603773	12.3	41999	35.08414	17.986782	82.14132	-0.19041944	-34.56599	0.9508286	7796.32358455658
22	60.014286	2.3591697	62.4123	56.980892	60.462715	1.82532	61.56241	56.722763	12.572327	12.8	43999	34.790997	17.87372	81.00379	-3.5151505	-34.28837	0.9380208	8231.445952653885
23	60.226864	2.3194027	62.33383	57.089657	58.201824	2.209549	61.658024	56.58577	12.613924	12.3	45999	34.541874	17.650919	80.81661	-0.39308137	-34.06107	0.8974576	8668.637939691544
24	60.08319	2.349803	62.311634	56.988823	59.55304	2.2879229	61.592606	56.655903	12.591195	12.6	47999	34.242126	17.544577	80.09863	-6.3565297	-33.7863	0.87706435	9103.934163331985
25	60.409985	2.2883768	62.360817	57.023987	60.027046	2.1705768	61.58734	56.619076	12.651898	12.7	49999	34.121693	17.508564	78.10929	-4.3567533	-33.655804	0.868499	9554.285702228546
26	60.29765	2.2902625	62.334507	57.11069	59.142986	2.2919047	61.56675	56.690784	12.628931	12.5	51999	33.84646	17.297468	77.40668	-1.0550829	-33.408	0.7983801	9974.623234272003
27	60.539722	2.2355225	62.381123	57.047974	59.082043	2.4144526	61.659286	56.53221	12.681529	12.5	53999	33.597416	17.239353	77.94774	-5.5846534	-33.16693	0.79726	10442.154751062393
28	60.082947	2.3566728	62.339535	57.05149	59.103294	2.3563375	61.575466	56.630985	12.584906	12.5	55999	33.58265	17.123058	77.89201	-2.8205884	-33.169437	0.8021918	10900.13213634491
29	60.38269	2.285854	62.339935	57.083633	58.596252	2.354741	61.62118	56.518066	12.64557	12.4	57999	33.446693	17.086927	76.54741	-0.9536186	-33.02801	0.765926	11378.31021475792
30	60.237556	2.327453	62.340424	57.00691	59.13493	2.3254416	61.561855	56.61258	12.616352	12.5	59999	33.208527	16.963713	76.86104	-2.0266426	-32.79372	0.74076015	11867.475782871246
31	60.413845	2.2777233	62.31534	57.005375	59.105476	2.3740468	61.647873	56.54904	12.651898	12.5	61999	33.01391	16.854673	76.75361	-0.11720866	-32.6191	0.73696643	12365.012442350388
32	60.297462	2.3012984	62.34494	57.04255	58.150646	2.1556118	61.531956	56.59497	12.632912	12.3	63999	32.966114	16.838356	80.08982	-3.3563628	-32.570713	0.73006153	12899.825963258743
33	60.310806	2.3118312	62.33438	57.002094	60.524292	1.9626874	61.688942	56.552742	12.635221	12.8	65999	32.847687	16.809956	74.07978	-0.49248284	-32.453674	0.7163185	13489.550725221634
34	60.11228	2.345383	62.3399	57.05975	59.11329	2.3489053	61.575615	56.685524	12.594936	12.5	67999	32.64577	16.673107	74.10819	-1.912318	-32.26686	0.69048744	14132.105251312256
35	60.163803	2.3565602	62.31455	57.035645	59.078453	2.4232275	61.735386	56.574963	12.603773	12.5	69999	32.681774	16.64941	74.713615	0.7050688	-32.300896	0.690738	14765.219941616058
36	60.41531	2.2662413	62.318108	57.05342	58.202484	2.1906683	61.67528	56.643124	12.658228	12.3	71999	32.60434	16.623257	74.666695	-3.8126729	-32.225574	0.6964857	15402.43674659729
37	60.483707	2.2557428	62.32451	57.05177	59.534668	2.2837949	61.5264	56.66179	12.670886	12.6	73999	32.462215	16.555172	74.4333	-1.504658	-32.08851	0.66893834	16061.701371908188
38	60.017197	2.3630395	62.293335	57.046185	59.522926	2.2988632	61.51891	56.565197	12.572327	12.6	75999	32.371986	16.517973	77.58601	-3.885445	-32.002014	0.68553156	16734.38525056839
39	60.01436	2.3697076	62.37051	57.04521	58.686974	2.346375	61.685097	56.703533	12.572327	12.4	77999	32.221973	16.441362	71.36256	-0.40427488	-31.853977	0.64816356	17423.254534482956
40	60.515205	2.2311325	62.386063	57.08816	58.600777	2.2548492	61.58942	56.6037	12.677216	12.4	79999	32.211964	16.435337	72.37126	-1.9250727	-31.854969	0.66510385	18114.222954034805
41	60.190086	2.3106756	62.3083	57.10302	59.076527	2.3652103	61.546997	56.604126	12.610063	12.5	81999	32.0817	16.409048	72.13269	-2.271546	-31.720903	0.6496898	18812.3596432209
42	60.19236	2.341716	62.3735	57.02925	59.140343	2.4076068	61.599743	56.565002	12.6075945	12.5	83999	32.040535	16.366201	72.65735	-2.1105967	-31.691692	0.63650036	19513.955854177475
43	60.400143	2.2709422	62.297474	57.129303	59.646374	2.2559605	61.579746	56.81137	12.651898	12.6	85999	32.04333	16.350872	71.50532	-1.317764	-31.691496	0.6318276	20217.968677282333
44	60.35746	2.294105	62.339176	57.03433	58.164085	2.1197789	61.473263	56.62547	12.64557	12.3	87999	32.048126	16.340714	72.50769	-2.0515742	-31.702457	0.63601106	20930.892117738724
45	60.444695	2.2564561	62.33166	57.041668	59.99654	2.1751509	61.550415	56.524986	12.6645565	12.7	89999	31.965298	16.285439	74.21819	-0.5227626	-31.616316	0.6077862	21635.334300994873
46	60.35705	2.2983727	62.350967	57.01391	60.047943	2.1704557	61.608402	56.70718	12.64557	12.7	91999	31.914837	16.261902	70.447586	0.6940847	-31.575886	0.6108075	22341.59818482399
47	60.198814	2.3273628	62.325096	56.97018	58.188393	2.1642253	61.61187	56.700844	12.610063	12.3	93999	31.82432	16.254667	74.94763	-3.4468355	-31.486109	0.6089693	23056.288375854492
48	60.370956	2.2918777	62.300396	56.998425	58.15811	2.1372921	61.434505	56.615807	12.64557	12.3	95999	31.79232	16.21552	73.410255	-1.4549359	-31.461378	0.6221461	23760.377592802048
49	60.341507	2.3044848	62.320667	57.05533	59.572838	2.3342426	61.633877	56.59506	12.63924	12.6	97999	31.776047	16.218384	71.05453	-1.6841009	-31.435503	0.599457	24468.334086418152
50	60.745487	2.1446865	62.33533	57.064304	58.164837	2.1250825	61.47373	56.610638	12.727848	12.3	99999	31.69581	16.185652	70.75875	-0.6190405	-31.36676	0.590659	25181.2488052845
51	60.579624	2.202869	62.316322	56.998512	58.13636	2.119531	61.40399	56.63634	12.694267	12.3	101999	31.749252	16.175444	72.227135	0.48842293	-31.420076	0.58939725	25897.225640773773
52	60.061436	2.3575847	62.27358	57.01699	59.13183	2.3543081	61.620914	56.63695	12.584906	12.5	103999	31.71314	16.174944	73.066444	-0.3904196	-31.382454	0.59382224	26623.45751476288
53	60.3326	2.305182	62.338226	56.97049	60.06736	2.1575696	61.60668	56.679047	12.63924	12.7	105999	31.658167	16.173786	70.806564	-0.5910653	-31.33708	0.5856681	27341.710124969482
54	59.961914	2.3662848	62.431107	57.04539	60.45611	1.8797572	61.61354	56.68773	12.5625	12.8	107999	31.665855	16.148462	69.16331	-2.6877787	-31.343027	0.5784411	28062.763756752014
55	59.975555	2.3738966	62.345684	57.006104	59.52426	2.3137076	61.496536	56.505775	12.559749	12.6	109999	31.56415	16.109667	70.33392	-0.80028355	-31.241547	0.5773872	28784.631833553314
56	60.537495	2.232671	62.311874	57.022404	60.03486	2.1521025	61.556973	56.665497	12.681529	12.7	111999	31.510666	16.056482	70.67026	-1.3267169	-31.184488	0.5633991	29514.58824658394
57	60.04652	2.3613822	62.30553	57.06061	59.045094	2.3382804	61.584866	56.537872	12.578616	12.5	113999	31.432116	16.023064	68.232285	-0.84327114	-31.116886	0.58153325	30240.995714187622
58	59.994434	2.3777757	62.355602	57.01078	59.054268	2.306202	61.40339	56.7251	12.56875	12.5	115999	31.441145	16.03178	68.75381	-1.6957195	-31.125275	0.56644166	30967.47188949585
59	60.203125	2.3213544	62.303513	57.05867	59.57395	2.373846	61.669548	56.569458	12.613924	12.6	117999	31.442825	16.038235	69.41177	-1.7587847	-31.134724	0.56978756	31694.041543245316
60	60.24278	2.317223	62.35722	57.07251	59.575676	2.278384	61.524055	56.60258	12.622642	12.6	119999	31.420303	16.055096	70.24709	0.18702304	-31.104399	0.571526	32423.66751933098
61	60.216248	2.319268	62.308346	57.03909	58.621193	2.3045056	61.60436	56.57254	12.613924	12.4	121999	31.355347	16.023727	68.732895	-0.38244987	-31.044579	0.5699684	33152.68758440018
62	60.436092	2.2495503	62.276436	57.022728	58.58811	2.3815277	61.622482	56.51643	12.6645565	12.4	123999	31.361168	16.051664	70.8594	-0.52203035	-31.05314	0.56262773	33887.84849381447
63	60.019886	2.3619084	62.405506	57.048527	58.67935	2.369329	61.620483	56.6301	12.572327	12.4	125999	31.383343	16.015726	69.36128	-0.926769	-31.076582	0.5698673	34612.22311210632
64	60.31542	2.3117154	62.314007	57.105152	58.666462	2.3404014	61.680523	56.612152	12.632912	12.4	127999	31.444498	15.993468	71.053154	0.29011118	-31.140676	0.5627333	35334.70067667961
65	60.740177	2.118009	62.368813	57.07278	58.64732	2.3305538	61.68487	56.588448	12.727848	12.4	129999	31.418072	16.000067	68.450554	-4.5886946	-31.110914	0.55958503	36060.21660709381
66	60.237225	2.3144875	62.359367	57.083473	58.655487	2.338321	61.622364	56.58988	12.620254	12.4	131999	31.366867	15.986272	67.89239	-2.2137742	-31.055151	0.5549548	36789.08637666702
67	60.544674	2.222165	62.278263	57.117744	60.10979	2.2133565	61.67335	56.665447	12.683544	12.7	133999	31.31628	15.982023	69.114365	-6.0010376	-31.014633	0.5587653	37535.21193552017
68	60.326183	2.3029218	62.37306	57.04764	60.528633	1.8532482	61.630245	56.735806	12.63924	12.8	135999	31.23638	15.962806	67.295044	-2.9532752	-30.92881	0.55041337	38277.513266325
69	60.15703	2.3510842	62.349762	57.00403	59.148193	2.4013963	61.652718	56.707687	12.603773	12.5	137999	31.28805	15.945104	67.78238	0.77644277	-30.983625	0.55354744	39023.40079975128
70	60.118267	2.3482168	62.38191	57.086197	58.12273	2.1497152	61.479275	56.613728	12.591195	12.3	139999	31.251787	15.957487	69.30067	-5.866088	-30.947504	0.56272167	39769.37352967262
71	60.117905	2.3498836	62.33106	56.966103	57.22532	1.3720711	61.335793	56.63755	12.594936	12.1	141999	31.225752	15.930446	70.95328	-1.0019681	-30.923903	0.5501243	40519.969680547714
72	60.16367	2.3529644	62.30943	57.080173	59.603218	2.3144715	61.603947	56.705643	12.603773	12.6	143999	31.264122	15.928467	69.4164	-2.719244	-30.969027	0.5453717	41269.717483997345
73	60.398945	2.2739468	62.370975	56.962227	57.72517	1.8641222	61.57473	56.64385	12.651898	12.2	145999	31.263636	15.914914	69.15553	1.1276428	-30.96724	0.54266006	42019.702523231506
74	60.40629	2.2768857	62.335144	57.060017	59.117634	2.3134768	61.590355	56.735638	12.651898	12.5	147999	31.24166	15.899484	69.260185	-3.827807	-30.944328	0.5397727	42768.0426261425
75	60.42325	2.2726848	62.340397	56.990143	58.16549	2.1214852	61.548058	56.665585	12.658228	12.3	149999	31.237022	15.917747	66.83049	-1.6741042	-30.94135	0.55193615	43515.927985429764
76	60.544292	2.2312763	62.28276	57.013718	59.113667	2.400966	61.56971	56.634903	12.683544	12.5	151999	31.103983	15.893064	71.69865	-3.6799555	-30.814804	0.5458304	44267.02503633499
77	60.337784	2.29774	62.419544	57.033863	58.636787	2.3147109	61.58237	56.604973	12.63924	12.4	153999	31.17722	15.913369	66.465576	-2.4407532	-30.886965	0.54177594	45017.86684060097
78	60.486576	2.2575498	62.311317	57.043804	59.554207	2.3661666	61.615562	56.509045	12.670886	12.6	155999	31.110542	15.880734	68.01143	-0.69442093	-30.814302	0.5435947	45768.12134838104
79	60.34594	2.2930965	62.28764	57.09231	59.148376	2.3716094	61.604305	56.710033	12.63924	12.5	157999	31.171467	15.887051	67.464096	-0.07442784	-30.877289	0.53174704	46517.63570642471
80	60.436237	2.262621	62.34101	56.985344	59.57655	2.3750832	61.625515	56.575466	12.658228	12.6	159999	31.170935	15.861117	68.13306	-3.360145	-30.878538	0.5386528	47181.809000492096
81	60.0923	2.3664985	62.32784	57.010315	59.522106	2.2675397	61.60648	56.637733	12.584906	12.6	161999	31.137543	15.881458	69.58852	-10.467985	-30.846813	0.52743787	47804.14300322533
82	60.127808	2.353326	62.345974	57.004723	58.604607	2.342125	61.58743	56.525097	12.597485	12.4	163999	31.042032	15.854737	67.435646	-3.2052476	-30.75226	0.53549045	48423.843777656555
83	60.183323	2.3536508	62.382053	57.019447	58.62682	2.2965324	61.63186	56.688885	12.6075945	12.4	165999	31.179842	15.86996	69.07064	-2.307928	-30.89126	0.531586	49042.31078481674
84	60.230167	2.331039	62.27786	56.947906	59.552288	2.3140233	61.633015	56.70432	12.616352	12.6	167999	31.18345	15.824639	68.63009	-2.1273642	-30.891191	0.53523237	49700.359333753586
85	60.325455	2.310484	62.355217	57.008984	59.554577	2.2751594	61.523136	56.691624	12.632912	12.6	169999	31.112993	15.857091	65.002075	-3.3997273	-30.829626	0.5417936	50391.65783071518
86	60.279305	2.322047	62.333538	57.0147	59.46476	2.28335	61.4042	56.550552	12.628931	12.6	171999	31.07854	15.821012	64.8496	-0.58838725	-30.791563	0.51830715	51083.241654634476
87	60.347286	2.3152468	62.333595	56.988186	58.601887	2.273035	61.542816	56.648136	12.63924	12.4	173999	31.068615	15.838034	68.67108	-0.778052	-30.788786	0.5176255	51779.708060503006
88	60.421577	2.2634199	62.299225	57.0158	59.074165	2.3356783	61.533016	56.582058	12.658228	12.5	175999	31.162254	15.841294	65.795906	-2.330398	-30.880558	0.52783066	52469.78337597847
89	60.156178	2.3456562	62.36754	57.02265	60.02248	2.1981666	61.621853	56.510933	12.603773	12.7	177999	31.024332	15.839353	81.38242	-1.5282261	-30.746653	0.5374783	53109.3800034523
90	60.206844	2.323573	62.348137	57.00618	59.121235	2.39264	61.691387	56.51894	12.613924	12.5	179999	31.00855	15.81439	66.1779	-1.7320169	-30.724905	0.5298385	53758.32468724251
91	60.311512	2.3062167	62.333557	57.01143	60.555916	1.8735902	61.59979	56.70916	12.632912	12.8	181999	31.02051	15.786236	65.924736	0.16917801	-30.745394	0.5288637	54449.91178750992
92	60.073174	2.3607273	62.311443	57.062256	59.543163	2.3294878	61.579376	56.637634	12.584906	12.6	183999	31.022863	15.816267	66.94036	-0.5011773	-30.751392	0.5191603	55137.87559270859
93	60.10639	2.3655455	62.303818	56.966335	58.206806	2.159302	61.62675	56.68097	12.591195	12.3	185999	31.08682	15.818952	69.260826	-5.6817536	-30.807945	0.52275264	55825.38551425934
94	60.384594	2.2757099	62.38538	57.008137	60.506634	1.9184437	61.604958	56.64972	12.64557	12.8	187999	31.038303	15.831232	66.85565	-7.46617	-30.757402	0.5327561	56513.29231142998
95	60.31809	2.302497	62.344048	56.98718	60.092163	2.1934896	61.619495	56.5764	12.635221	12.7	189999	31.034042	15.800255	66.4982	-2.5164685	-30.758286	0.5271349	57199.04960131645
96	60.388103	2.2752342	62.3304	57.05472	58.69265	2.3360858	61.687317	56.653942	12.651898	12.4	191999	30.975002	15.847416	67.370346	-5.1773396	-30.706661	0.5289158	57889.04051113129
97	60.340176	2.3074203	62.31947	57.006966	59.58307	2.3031642	61.61458	56.62899	12.63924	12.6	193999	31.036785	15.8244705	72.24938	-2.7206712	-30.763254	0.52472556	58576.07124567032
98	60.20649	2.3259404	62.336636	57.034817	58.660023	2.3151844	61.665997	56.682583	12.610063	12.4	195999	31.046005	15.823738	65.950165	-4.559088	-30.76847	0.52826315	59277.9417655468
99	60.541363	2.217967	62.324604	57.056694	59.622337	2.2979436	61.662376	56.770496	12.681529	12.6	197999	31.02603	15.808662	67.20234	-1.2312212	-30.75225	0.5181062	59991.71135520935
100	60.363758	2.290628	62.2883	57.05984	59.111744	2.3846097	61.631145	56.62123	12.64557	12.5	199999	30.958706	15.82227	69.9828	-0.32230997	-30.68335	0.5308881	60657.9772708416
101	60.483658	2.2470088	62.34001	57.032032	59.547432	2.2934437	61.66641	56.6334	12.670886	12.6	201999	31.023598	15.805485	68.23149	-2.639933	-30.753256	0.5244595	61287.337020397186
102	60.410244	2.268949	62.290676	57.038815	59.585644	2.3355029	61.640316	56.660225	12.651898	12.6	203999	31.07505	15.782037	65.45289	-2.1098642	-30.80275	0.5180453	61918.588556051254
103	60.485847	2.2577147	62.34533	57.06461	58.19915	2.1361089	61.53051	56.69903	12.670886	12.3	205999	31.032263	15.7696085	64.7973	-3.8522072	-30.764145	0.5130052	62547.70002555847
104	60.265785	2.3238773	62.352497	57.05185	59.59013	2.2633784	61.69178	56.687706	12.622642	12.6	207999	30.97922	15.804001	64.90992	-0.04657638	-30.713549	0.5122399	63181.26500606537
105	60.192066	2.3527455	62.340923	57.082916	59.54737	2.3003635	61.54601	56.6686	12.6075945	12.6	209999	30.914057	15.7822485	67.85177	-8.69289	-30.644726	0.51754004	63814.4062538147
106	60.056934	2.34266	62.263145	56.999653	58.638264	2.335449	61.599052	56.615757	12.578616	12.4	211999	30.987827	15.756986	64.15697	-0.95485914	-30.725004	0.50907606	64443.83758306503
107	60.00774	2.3718877	62.36838	57.057457	59.102455	2.3147385	61.46521	56.717762	12.572327	12.5	213999	31.026857	15.774385	65.60435	-2.6179354	-30.766312	0.51358855	65074.55410814285
108	60.33681	2.3077123	62.36474	56.958603	58.564728	2.2388391	61.393436	56.585785	12.641509	12.4	215999	30.972143	15.775938	64.428024	-3.474358	-30.704128	0.5212956	65708.90094947815
109	60.53925	2.2248557	62.33504	57.027454	59.57522	2.2821977	61.556583	56.67245	12.681529	12.6	217999	30.908455	15.764975	67.51992	-0.56317854	-30.641815	0.5058281	66342.70900058746
110	60.260895	2.3143842	62.313198	57.031876	57.721703	1.8676723	61.5113	56.62323	12.622642	12.2	219999	30.88918	15.782532	67.237274	-3.5677836	-30.62291	0.52309185	66974.75314474106
111	60.307037	2.3055844	62.372334	57.041187	58.598885	2.3266428	61.69533	56.554604	12.632912	12.4	221999	30.88182	15.751964	67.53867	-5.03087	-30.614351	0.5212406	67608.28076004982
112	60.013256	2.3721132	62.27891	57.050823	60.515892	1.9046152	61.550327	56.614605	12.572327	12.8	223999	30.856737	15.752409	63.811104	-0.0055497885	-30.59683	0.50942945	68239.79004454613
113	60.228443	2.3166971	62.307724	57.077618	59.52935	2.3104973	61.67214	56.609535	12.616352	12.6	225999	30.905712	15.759454	66.087234	-0.86520267	-30.647303	0.5161145	68872.43955564499
114	60.208843	2.3285868	62.316757	57.089134	58.642426	2.2987688	61.62258	56.6864	12.613924	12.4	227999	30.90917	15.777562	65.64914	-7.03731	-30.65145	0.5201229	69506.47747063637
115	60.2103	2.3246274	62.409584	57.12001	60.0129	2.184032	61.6539	56.583496	12.610063	12.7	229999	30.97175	15.77678	67.74741	-0.49574172	-30.713673	0.50390744	70143.17988610268
116	60.334335	2.3103552	62.33051	57.047573	58.6516	2.327064	61.676216	56.58682	12.63924	12.4	231999	30.962545	15.777932	66.153564	-4.6687546	-30.708017	0.52732646	70772.28008699417
117	59.926308	2.37129	62.331757	57.062298	58.665924	2.3341365	61.716213	56.65019	12.553459	12.4	233999	30.922792	15.797953	65.99077	-2.8921766	-30.667604	0.52983826	71403.86846256256
118	60.209305	2.3401878	62.335808	57.011425	59.537342	2.370583	61.54015	56.592335	12.610063	12.6	235999	30.96244	15.7615795	66.99437	-0.07498026	-30.706293	0.51488954	72040.70427584648
119	60.28795	2.3128233	62.30649	57.060295	58.593864	2.338017	61.58141	56.524597	12.626582	12.4	237999	30.941927	15.759091	64.779045	-1.4011875	-30.689453	0.50316006	72671.60233855247
120	60.433903	2.2456138	62.309334	56.933437	58.62014	2.3024375	61.611088	56.606674	12.6645565	12.4	239999	30.935188	15.807143	64.8012	-0.335243	-30.681335	0.50572133	73306.07463765144
121	60.45686	2.2551692	62.313908	57.02194	59.573254	2.3178427	61.630306	56.60866	12.6645565	12.6	241999	30.929853	15.753895	63.799305	-2.607205	-30.673115	0.5126708	73937.68311524391
122	60.49417	2.2303593	62.294205	57.058403	59.4965	2.3539562	61.516098	56.55332	12.677216	12.6	243999	30.954018	15.776182	67.93341	-2.3930273	-30.697691	0.50499195	74573.03439950943
123	60.18548	2.3313143	62.346962	57.022587	59.050922	2.3034964	61.508316	56.602207	12.610063	12.5	245999	30.913725	15.732616	65.67701	-3.1264114	-30.665415	0.49963015	75204.22992491722
124	59.970287	2.3773952	62.393703	57.006817	58.650776	2.2801776	61.586525	56.72254	12.559749	12.4	247999	30.901236	15.749965	66.820786	-1.3403707	-30.653332	0.5097552	75836.70043063164
125	60.138218	2.3549035	62.34977	57.030083	58.615723	2.329285	61.55703	56.66279	12.597485	12.4	249999	30.911247	15.752747	64.55338	-1.5415915	-30.663065	0.50204563	76470.71165394783
126	60.39709	2.2768335	62.37519	57.020336	58.65038	2.3412917	61.656612	56.59276	12.651898	12.4	251999	30.933205	15.7914505	66.690216	-5.4304705	-30.686289	0.5152467	77105.3244292736
127	60.67654	2.177214	62.317062	56.978027	58.560192	2.2550173	61.383198	56.565407	12.713376	12.4	253999	30.878525	15.7639885	66.54989	-1.6939064	-30.629536	0.497237	77736.37932825089
128	60.048084	2.3562334	62.319824	57.04548	59.096016	2.443113	61.602947	56.594395	12.578616	12.5	255999	30.92365	15.752415	68.669914	-5.441247	-30.67103	0.50802237	78375.62439322472
129	60.18293	2.3236835	62.31329	57.008923	58.16427	2.1999626	61.524628	56.523754	12.610063	12.3	257999	30.861462	15.734394	65.69384	-2.9055178	-30.61186	0.51470196	79014.8276758194
130	60.079273	2.348824	62.31295	57.124454	58.115852	2.2562945	61.639088	56.50193	12.584906	12.3	259999	30.837217	15.750258	66.58623	-4.0631247	-30.58432	0.5071889	79651.47243523598
131	60.430435	2.2600198	62.374363	57.09707	58.14021	2.1713731	61.502823	56.59709	12.658228	12.3	261999	30.925812	15.750956	64.83669	-1.1097157	-30.67471	0.50448304	80292.78425431252
132	60.2213	2.334951	62.33213	57.013474	58.614586	2.3477836	61.65899	56.6226	12.613924	12.4	263999	30.844158	15.741449	62.946003	-12.712895	-30.595726	0.5071535	80940.05994844437
133	60.55073	2.2125065	62.29725	57.077652	59.561134	2.3246336	61.61353	56.61467	12.683544	12.6	265999	30.813908	15.774779	64.20504	-2.543849	-30.566454	0.5172103	81588.34540319443
134	60.260174	2.3127968	62.36264	57.067047	58.175354	2.2050307	61.592	56.56515	12.620254	12.3	267999	30.908518	15.733833	66.41717	-4.752944	-30.667559	0.50862175	82228.97182321548
135	60.279762	2.3192625	62.27977	57.064552	58.582886	2.312739	61.52078	56.568577	12.628931	12.4	269999	30.925528	15.734038	67.079124	-2.9083776	-30.682598	0.49485168	82872.45036935806
136	60.21894	2.3365948	62.28059	57.074974	59.61562	2.3274806	61.633465	56.709824	12.613924	12.6	271999	30.87426	15.753655	66.37835	-3.2445812	-30.633953	0.5061051	83510.65192651749
137	60.318237	2.3085444	62.33356	57.017723	58.160942	2.1833882	61.600388	56.604065	12.632912	12.3	273999	30.916235	15.796911	67.28598	-8.371158	-30.673075	0.51874304	84148.50574421883
138	60.086872	2.3492033	62.34279	57.097416	59.11193	2.3181245	61.61405	56.607944	12.584906	12.5	275999	30.888454	15.730152	64.676865	-3.766146	-30.646261	0.5048285	84794.40851950645
139	60.342613	2.29824	62.328907	57.01301	59.564384	2.2955413	61.5382	56.663235	12.641509	12.6	277999	30.907707	15.7573805	70.55092	-1.3522353	-30.663103	0.5004051	85434.25270223618
140	60.29548	2.3119173	62.320797	57.047028	59.629524	2.3127918	61.569527	56.689777	12.632912	12.6	279999	30.90402	15.759285	66.294106	-3.1893988	-30.663198	0.50241727	86073.12727761269
141	60.449112	2.2626433	62.33593	57.05243	59.53072	2.2898939	61.580257	56.514793	12.6645565	12.6	281999	30.873775	15.759823	66.44405	-9.279102	-30.634354	0.51861006	86715.74051332474
142	60.361866	2.2734504	62.362625	57.081367	59.562798	2.286177	61.51441	56.528534	12.64557	12.6	283999	30.874332	15.734291	64.98278	-0.6676692	-30.633615	0.49027723	87357.92359018326
143	60.277534	2.322439	62.30786	57.025295	58.646507	2.3473475	61.599995	56.580917	12.626582	12.4	285999	30.927967	15.780593	65.150444	-2.4639726	-30.691586	0.51675355	88002.65391397476
144	60.145317	2.3555202	62.336067	57.02976	60.103188	2.1585128	61.656353	56.76573	12.597485	12.7	287999	30.862783	15.757956	68.59466	-1.1729616	-30.62262	0.5065261	88647.8505063057
145	60.326702	2.293059	62.289833	57.042183	59.558037	2.3097844	61.566822	56.593204	12.63924	12.6	289999	30.94809	15.731938	64.40735	-3.7064512	-30.707964	0.5183278	89331.09071755409
146	60.02125	2.357569	62.32384	57.049805	58.643425	2.357071	61.662243	56.648636	12.572327	12.4	291999	30.900192	15.752465	66.55747	-6.0894165	-30.65927	0.5018133	90028.73192310333
147	60.072933	2.363469	62.357162	57.0419	59.579388	2.3425052	61.535973	56.60982	12.584906	12.6	293999	30.793312	15.762971	66.043686	-4.3185463	-30.55286	0.50384194	90723.10460114479
148	60.19034	2.3464293	62.2911	57.04975	59.003296	2.4063148	61.64142	56.527557	12.610063	12.5	295999	30.806715	15.736698	64.08669	-2.3852935	-30.56677	0.50246704	91413.74895501137
149	60.2567	2.3045282	62.356197	57.06976	59.138344	2.3877993	61.65049	56.602303	12.626582	12.5	297999	30.93917	15.735966	66.08726	-1.0588161	-30.705967	0.5003529	92108.05265688896
150	60.132854	2.3387258	62.34333	56.998516	58.612904	2.3350725	61.66595	56.54133	12.597485	12.4	299999	30.845583	15.702949	66.730385	-0.89922273	-30.60419	0.50402033	92792.97202801704
151	60.430477	2.263289	62.36833	56.99766	59.07962	2.3696234	61.7006	56.646793	12.658228	12.5	301999	30.81126	15.70955	64.9037	-2.3307524	-30.573378	0.5047445	93445.05063700676
152	60.092167	2.3529394	62.276608	57.05969	57.664146	1.9280374	61.549637	56.51548	12.591195	12.2	303999	30.777517	15.739939	65.5087	-2.248901	-30.545988	0.51409805	94096.47650623322
153	60.122765	2.3528945	62.39208	57.02673	58.589966	2.257564	61.521854	56.53443	12.597485	12.4	305999	30.839293	15.755249	73.14878	-2.3418965	-30.605963	0.51285917	94752.5357568264
154	59.99564	2.349705	62.33663	57.06201	59.59786	2.2951667	61.61975	56.673187	12.566038	12.6	307999	30.833136	15.768841	63.55789	-1.7667061	-30.596941	0.5073948	95404.20865559578
155	60.448303	2.2606735	62.33652	57.061737	59.10268	2.3673093	61.55606	56.56514	12.6645565	12.5	309999	30.828526	15.749571	65.310074	-3.6209152	-30.592701	0.48768747	96059.94849348068
156	60.32203	2.2875037	62.289455	57.012245	59.103394	2.309347	61.522285	56.59377	12.63924	12.5	311999	30.865404	15.717378	66.27285	-2.6128502	-30.630926	0.49129373	96711.85192227364
157	60.223362	2.3590763	62.293396	57.03595	59.5219	2.2955928	61.487076	56.593357	12.616352	12.6	313999	30.88239	15.724269	65.180756	-4.9014883	-30.652563	0.50101733	97362.40383672714
158	60.160133	2.3571422	62.34161	57.02476	58.14314	2.2019303	61.585354	56.570553	12.601266	12.3	315999	30.812288	15.7297535	68.31847	-7.612137	-30.578821	0.5027425	98007.56555724144
159	60.246094	2.336481	62.41091	56.992676	58.16158	2.115085	61.473923	56.604347	12.622642	12.3	317999	30.86978	15.732346	67.15148	-0.92007124	-30.630896	0.49336517	98654.64082479477
160	60.45661	2.2604647	62.322025	57.063606	59.1278	2.3452659	61.57566	56.684387	12.6645565	12.5	319999	30.84478	15.742134	63.947697	-0.9616929	-30.611395	0.48841602	99303.91348981857
161	60.454338	2.254696	62.33964	57.09301	59.554333	2.3917363	61.66315	56.5815	12.6645565	12.6	321999	30.796513	15.766263	66.23005	-7.9022098	-30.564497	0.500248	99955.9532790184
162	60.007935	2.3605895	62.307617	57.01436	58.58965	2.3283195	61.49765	56.556427	12.572327	12.4	323999	30.804325	15.719208	65.90301	0.2775936	-30.57672	0.4937338	100602.48838710785
163	60.281178	2.3061419	62.306854	57.02515	59.115105	2.4511127	61.626854	56.578655	12.632912	12.5	325999	30.84749	15.74972	68.58946	-6.5786867	-30.617586	0.50040674	101252.82706522942
164	60.195774	2.3286	62.30008	57.07933	58.613914	2.3151925	61.51881	56.549625	12.610063	12.4	327999	30.842714	15.760092	69.87583	-11.651226	-30.610092	0.5018153	101898.41531181335
165	60.04997	2.3520913	62.336452	57.052002	58.5943	2.3475149	61.612892	56.59455	12.578616	12.4	329999	30.855013	15.7313595	68.43997	-1.3528756	-30.62305	0.48968318	102547.4682841301
166	60.0199	2.3582854	62.380436	57.025654	59.527813	2.3062391	61.549248	56.570095	12.572327	12.6	331999	30.88537	15.764319	65.952194	-1.2937692	-30.649675	0.4952657	103194.14375805855
167	60.006454	2.3688917	62.34754	57.057312	59.56828	2.3923903	61.644894	56.56597	12.572327	12.6	333999	30.805243	15.73174	71.6657	-2.939595	-30.568872	0.49789816	103839.6829738617
168	60.514957	2.2348948	62.283474	57.02193	59.54595	2.2574117	61.508453	56.701385	12.677216	12.6	335999	30.762758	15.727923	67.3675	-3.1512988	-30.53016	0.4855681	104488.64773106575
169	60.220345	2.3500748	62.343826	57.02438	60.05709	2.16575	61.612442	56.60573	12.613924	12.7	337999	30.84355	15.720885	62.97111	-3.481144	-30.612093	0.4890902	105139.61413884163
170	60.373203	2.29465	62.38902	57.01606	58.60549	2.304064	61.558643	56.552803	12.64557	12.4	339999	30.816538	15.715692	65.64599	-8.48309	-30.5892	0.49899125	105788.32010388374
171	60.408413	2.295773	62.328197	57.03652	58.19288	2.1791012	61.578	56.577335	12.651898	12.3	341999	30.832073	15.677596	66.07646	-6.7583723	-30.60529	0.49431136	106436.95954084396
172	60.29497	2.3088393	62.321236	57.074097	58.577766	2.3083248	61.454395	56.61069	12.628931	12.4	343999	30.893522	15.738977	62.315365	-4.228758	-30.667248	0.5006158	107086.10756111145
173	60.58212	2.200297	62.281704	57.070225	59.546936	2.3107352	61.559456	56.636475	12.694267	12.6	345999	30.854757	15.702191	73.040344	-7.4284024	-30.628113	0.5066583	107733.00808477402
174	60.23246	2.3357358	62.372707	56.97896	57.71698	1.9268925	61.60748	56.56265	12.616352	12.2	347999	30.759615	15.705558	75.461876	-4.214474	-30.53321	0.5078119	108383.94595766068
175	60.15397	2.3526428	62.27339	57.051823	58.623688	2.3336453	61.558407	56.6368	12.601266	12.4	349999	30.796762	15.730875	69.53094	-1.786241	-30.570932	0.49350724	109032.15761113167
176	60.22518	2.3107638	62.37362	57.11252	59.538292	2.298706	61.59949	56.57264	12.616352	12.6	351999	30.76967	15.71684	65.98354	-2.8821762	-30.544554	0.49299476	109684.00999307632
177	60.392746	2.279279	62.328506	57.04743	59.050262	2.327986	61.537636	56.621128	12.651898	12.5	353999	30.769518	15.715961	63.60945	-2.8758554	-30.54197	0.49614462	110332.10636663437
178	59.849205	2.3948412	62.381886	57.049934	59.573627	2.2933354	61.640102	56.634796	12.5375	12.6	355999	30.815405	15.709476	69.181366	-2.4207764	-30.58772	0.48852742	110983.60536551476
179	60.24452	2.328289	62.390076	57.033527	59.08645	2.3048897	61.465546	56.733982	12.620254	12.5	357999	30.799887	15.685181	65.102196	-8.804891	-30.571535	0.5028654	111634.80013489723
180	60.68815	2.1609495	62.347282	57.058125	59.08085	2.3433588	61.48709	56.684345	12.713376	12.5	359999	30.821608	15.716881	62.9472	-9.33798	-30.591185	0.49506676	112286.29993629456
181	60.14292	2.3517365	62.299946	57.019543	60.07495	2.0952344	61.601	56.853848	12.597485	12.7	361999	30.832396	15.700944	63.485226	-1.4037942	-30.607237	0.4804787	112937.33257031441
182	60.324726	2.2875485	62.30312	57.022865	58.646717	2.3573568	61.57663	56.63602	12.63924	12.4	363999	30.82133	15.751781	63.102657	-4.6937633	-30.60391	0.49354935	113588.14475178719
183	60.463177	2.26256	62.371044	57.05648	58.64973	2.3312774	61.581078	56.548748	12.6645565	12.4	365999	30.834333	15.7265835	66.23394	-3.202429	-30.609695	0.49384788	114238.68802595139
184	60.544662	2.2282064	62.355904	57.078125	58.623497	2.252415	61.53931	56.628887	12.683544	12.4	367999	30.787912	15.719432	71.70731	-4.125622	-30.556849	0.50365007	114890.18650889397
185	60.607304	2.1998274	62.26349	57.053722	60.038372	2.2038562	61.637634	56.62003	12.696202	12.7	369999	30.846252	15.69997	65.44329	-14.963301	-30.615822	0.5026911	115540.06879973412
186	60.310165	2.313572	62.355194	57.015102	59.0763	2.3700218	61.639744	56.635754	12.632912	12.5	371999	30.766005	15.707662	64.37652	-0.4426769	-30.540108	0.48958626	116192.48963856697
187	60.19927	2.3182387	62.295082	57.0619	58.653503	2.3299842	61.61543	56.660774	12.613924	12.4	373999	30.802088	15.727135	68.18536	-3.938322	-30.574383	0.4916659	116844.79150152206
188	60.21886	2.3239803	62.29053	57.071754	59.624805	2.364864	61.645615	56.688667	12.616352	12.6	375999	30.73393	15.738614	67.92789	-0.6511085	-30.509356	0.5044492	117502.15756082535
189	60.239883	2.3282523	62.371883	57.092377	58.118793	2.1289635	61.404816	56.66091	12.620254	12.3	377999	30.772337	15.685982	65.97586	-2.7006795	-30.551966	0.49336022	118157.34419083595
190	59.919518	2.3759048	62.322533	57.00738	59.09132	2.370857	61.59427	56.549778	12.55625	12.5	379999	30.76763	15.723096	70.83865	-5.557245	-30.542057	0.4961052	118813.93244433403
191	59.89638	2.3653948	62.301395	57.068024	60.496655	1.9080257	61.576363	56.528866	12.54717	12.8	381999	30.76459	15.710135	65.21124	-2.4207947	-30.543493	0.49574414	119472.71323943138
192	60.1341	2.3578086	62.317898	57.02048	60.052498	2.1669016	61.71803	56.653996	12.597485	12.7	383999	30.767256	15.672342	67.089386	-1.9328446	-30.544104	0.49092084	120125.38735342026
193	60.301758	2.315174	62.338627	57.040623	59.988647	2.1724179	61.50908	56.55594	12.632912	12.7	385999	30.753288	15.720585	65.59105	-3.5897841	-30.533989	0.48987436	120777.07368135452
194	60.403164	2.2881112	62.407806	56.953213	59.567566	2.3017585	61.63052	56.681103	12.651898	12.6	387999	30.82502	15.702082	63.633442	-6.4377975	-30.608376	0.49174634	121436.14071154594
195	60.17443	2.3451219	62.329742	57.041077	58.183357	2.1369438	61.57868	56.65183	12.603773	12.3	389999	30.827456	15.708566	73.15788	-4.6003804	-30.605562	0.49270126	122088.94438052177
196	60.290707	2.3021407	62.325375	57.01394	59.61222	2.2761364	61.627003	56.809742	12.632912	12.6	391999	30.77213	15.700366	65.02662	-0.37646008	-30.552864	0.49173707	122742.9490082264
197	60.484024	2.232198	62.29852	57.07271	58.173035	2.1625435	61.542404	56.644043	12.670886	12.3	393999	30.802343	15.694382	73.78326	-4.1578703	-30.578825	0.48828417	123404.57203412056
198	60.102066	2.340403	62.307453	57.095093	58.63432	2.3689358	61.67205	56.58765	12.591195	12.4	395999	30.74767	15.740638	65.61008	-9.306546	-30.52026	0.48878202	124062.01330971718
199	60.428272	2.27701	62.315865	57.046787	59.087414	2.3388584	61.53914	56.627644	12.658228	12.5	397999	30.702345	15.681803	64.13909	-9.341778	-30.479464	0.48749584	124720.80626535416
200	60.336937	2.2834973	62.387985	57.064873	57.65693	1.8920839	61.564476	56.58992	12.63924	12.2	399999	30.79623	15.682789	65.775055	-1.9331639	-30.571335	0.48494914	125380.50872612
201	60.293243	2.3050826	62.36862	57.009243	59.150246	2.353392	61.687115	56.7071	12.628931	12.5	401999	30.83498	15.707382	70.98173	-7.760913	-30.609207	0.49026954	126042.1407570839
202	59.924442	2.3593714	62.34535	57.075874	59.58916	2.360514	61.669956	56.654823	12.553459	12.6	403999	30.743643	15.70954	66.518845	-6.126047	-30.521929	0.49142575	126698.4003212452
203	60.284985	2.336348	62.3855	57.020954	58.57406	2.344046	61.567207	56.559563	12.626582	12.4	405999	30.742077	15.674465	67.41545	-5.7953115	-30.524368	0.48787048	127361.0785343647
204	60.101917	2.3586285	62.323772	57.03309	58.103676	2.1566331	61.408997	56.538677	12.591195	12.3	407999	30.75391	15.675476	74.774216	-3.8039377	-30.530945	0.49098855	128017.04840397835
205	60.454323	2.2749097	62.39289	57.107204	59.127228	2.4159887	61.61204	56.60671	12.6645565	12.5	409999	30.782198	15.684839	64.27011	-4.7596397	-30.56149	0.4781182	128674.74027085304
206	60.126408	2.3436975	62.26719	57.061546	59.070698	2.3408484	61.46755	56.567955	12.597485	12.5	411999	30.819138	15.674395	66.14171	-5.3414216	-30.598356	0.48076603	129337.16687846184
207	60.07137	2.346456	62.286304	57.025776	59.12916	2.3373618	61.608105	56.69397	12.584906	12.5	413999	30.695608	15.701225	68.43216	-2.4078922	-30.471434	0.485114	129993.27692842484
208	60.2694	2.3214574	62.392227	57.056183	59.109272	2.3494484	61.533344	56.702045	12.626582	12.5	415999	30.78819	15.671495	67.08791	-4.896866	-30.561718	0.48290485	130648.7687523365
209	60.45344	2.2624583	62.372	57.042027	59.95096	2.1755562	61.418236	56.529926	12.6645565	12.7	417999	30.692055	15.671912	64.56986	-6.9528985	-30.469841	0.48380682	131308.77180290222
210	60.58538	2.2157946	62.377163	57.112816	59.1421	2.3096285	61.510365	56.736904	12.689874	12.5	419999	30.769108	15.668667	69.695885	-7.025588	-30.545134	0.48964953	131967.0540447235
211	60.08444	2.3528564	62.304764	57.05731	59.58903	2.2819467	61.539185	56.70596	12.584906	12.6	421999	30.73155	15.681421	65.15268	-12.282629	-30.50534	0.49953702	132625.28895306587
212	60.44851	2.2699015	62.333626	57.005085	58.650433	2.3681753	61.6193	56.585503	12.66242	12.4	423999	30.697382	15.667119	64.383125	-5.6333294	-30.477938	0.49752444	133285.31175589561
213	60.237827	2.3265097	62.35498	57.052883	60.06228	2.1672297	61.608154	56.576828	12.616352	12.7	425999	30.712963	15.690859	73.03575	-2.2341378	-30.490261	0.48826262	133949.90476465225
214	60.398216	2.2660956	62.287487	57.105316	60.082985	2.1497827	61.69889	56.72042	12.651898	12.7	427999	30.742847	15.681224	62.329556	-5.112389	-30.521532	0.48061475	134609.13550710678
215	60.42423	2.2699327	62.313644	57.053963	60.062	2.1547694	61.528873	56.60291	12.658228	12.7	429999	30.705435	15.671475	61.122303	-7.432001	-30.484652	0.47982776	135265.93198633194
216	60.077816	2.3561995	62.310963	57.013115	59.988323	2.1354256	61.586296	56.63687	12.584906	12.7	431999	30.7017	15.677602	63.163696	-0.3051616	-30.47702	0.477776	135928.9510154724
217	60.66481	2.1808772	62.284813	57.093166	60.028503	2.1101663	61.528248	56.763706	12.707006	12.7	433999	30.785616	15.673843	63.02105	-3.0404806	-30.567282	0.4717348	136587.5017671585
218	60.04465	2.3751972	62.380978	57.024277	58.670116	2.280353	61.559727	56.742493	12.578616	12.4	435999	30.76195	15.65639	65.02818	-0.73718035	-30.542454	0.48396498	137246.79356455803
219	60.31589	2.3021731	62.39917	57.01787	59.583447	2.3656297	61.604557	56.64993	12.635221	12.6	437999	30.749908	15.687811	63.77682	-2.160044	-30.533567	0.48018956	137909.34760665894
220	60.484776	2.2533681	62.268593	56.982643	59.078247	2.3329914	61.52345	56.62341	12.670886	12.5	439999	30.80671	15.658453	63.181644	-3.4215317	-30.587646	0.47646698	138568.83011126518
221	60.14298	2.330956	62.361534	56.993797	58.643383	2.2719958	61.60428	56.71657	12.601266	12.4	441999	30.730755	15.689617	64.222374	-1.9360926	-30.510923	0.4807212	139229.74976849556
222	60.07731	2.3592093	62.34153	57.005474	59.593964	2.329688	61.67303	56.676964	12.584906	12.6	443999	30.780577	15.696306	62.855843	-0.88564444	-30.563547	0.46570686	139891.49136257172
223	60.17744	2.3287303	62.355103	57.04402	59.585976	2.3064811	61.569782	56.722546	12.610063	12.6	445999	30.752062	15.679431	66.0809	-2.7878451	-30.535934	0.4732201	140552.9097790718
224	60.57073	2.207155	62.36877	57.061428	60.062763	2.1907063	61.6429	56.698193	12.687898	12.7	447999	30.777655	15.681091	65.31549	-3.4801173	-30.558231	0.48645824	141211.1195371151
225	60.222282	2.3272963	62.31649	57.08676	58.217358	2.1590698	61.65494	56.71973	12.616352	12.3	449999	30.69514	15.681531	65.08499	-2.8525186	-30.472305	0.4810763	141876.60029482841
226	60.42269	2.2874777	62.39815	57.017036	59.055317	2.4189863	61.63027	56.60496	12.658228	12.5	451999	30.712223	15.674382	64.43132	-1.3771133	-30.488453	0.47216076	142534.9879102707
227	60.461517	2.2617369	62.35242	57.05376	60.487072	1.873781	61.59596	56.70245	12.6645565	12.8	453999	30.795034	15.679281	62.56449	-3.449276	-30.576382	0.46888512	143191.3577466011
228	60.269024	2.308612	62.31147	57.038216	58.15265	2.1190853	61.46651	56.60726	12.626582	12.3	455999	30.66036	15.692094	67.81339	-11.297637	-30.439302	0.48273486	143853.16001152992
229	60.561253	2.2261574	62.303246	57.044018	58.170258	2.2230296	61.65511	56.604977	12.689874	12.3	457999	30.790247	15.650636	71.80241	-2.3311694	-30.56824	0.47088635	144515.59680056572
230	60.09025	2.3504229	62.3481	56.98568	58.624474	2.320386	61.54916	56.61565	12.584906	12.4	459999	30.804544	15.691215	69.85688	-4.2087975	-30.582321	0.4661534	145177.75160765648
231	60.22199	2.321334	62.385998	57.06386	59.97419	2.2001941	61.637478	56.565594	12.613924	12.7	461999	30.736942	15.71506	64.52964	-1.2624341	-30.514418	0.48393336	145844.13060092926
232	60.05055	2.3580337	62.307083	57.085907	58.62035	2.2715335	61.565804	56.707836	12.578616	12.4	463999	30.699867	15.66909	62.58748	-2.783103	-30.476507	0.46856534	146513.94488573074
233	60.325687	2.2856205	62.35644	57.0212	58.624092	2.3316412	61.54396	56.587875	12.641509	12.4	465999	30.743563	15.657799	63.632374	-0.19088483	-30.527151	0.47172937	147178.052652359
234	60.23895	2.317503	62.382732	57.07516	59.158783	2.3998413	61.716984	56.53937	12.620254	12.5	467999	30.80845	15.66957	64.52049	-5.7160025	-30.592278	0.470667	147847.038305521
235	59.957546	2.3739388	62.350643	57.06352	59.144836	2.3937998	61.68498	56.66332	12.559749	12.5	469999	30.84433	15.691124	62.27825	-3.8730383	-30.628817	0.47431588	148505.6803638935
236	60.52112	2.2340343	62.345924	57.092937	60.120655	2.170825	61.728798	56.74257	12.677216	12.7	471999	30.672382	15.697164	63.129925	-7.094282	-30.456165	0.48812196	149168.73026323318
237	60.470074	2.2632582	62.38682	57.073986	58.605133	2.3221319	61.59711	56.62398	12.6645565	12.4	473999	30.73406	15.646584	62.735043	-1.2691907	-30.511875	0.47320953	149835.9954521656
238	60.369072	2.293471	62.34822	57.020443	59.572655	2.3432815	61.66953	56.65458	12.64557	12.6	475999	30.727785	15.681444	64.48142	-2.8740427	-30.505081	0.47526276	150494.3903310299
239	60.3952	2.2755044	62.32798	57.04462	59.57734	2.3333392	61.521667	56.561672	12.651898	12.6	477999	30.727205	15.663454	65.15903	-1.2849704	-30.509777	0.46890613	151157.1721317768
240	60.44392	2.280302	62.39142	57.056408	60.063244	2.174926	61.60188	56.630188	12.658228	12.7	479999	30.793795	15.68153	66.58135	-23.884037	-30.584942	0.47698334	151821.04704499245
241	60.236164	2.3186152	62.320423	57.036053	59.585716	2.311228	61.537838	56.58823	12.616352	12.6	481999	30.77414	15.706003	66.77359	-17.45471	-30.564398	0.47317517	152480.47804522514
242	60.204273	2.3420277	62.31002	57.02715	59.127686	2.3746278	61.644085	56.687668	12.613924	12.5	483999	30.780436	15.686002	67.59334	-7.7940965	-30.567413	0.46371907	153146.72361969948
243	60.28702	2.3129013	62.338406	57.007378	58.634895	2.305969	61.54895	56.643124	12.628931	12.4	485999	30.703148	15.695632	64.63476	-7.684004	-30.486988	0.4808963	153864.91685080528
244	60.083378	2.3706212	62.40964	56.94831	59.06008	2.32624	61.533825	56.642757	12.584906	12.5	487999	30.79714	15.689346	66.514755	-2.5292387	-30.58146	0.47805554	154636.0988855362
245	59.9594	2.3709285	62.322315	57.02321	59.594246	2.3083627	61.59876	56.71252	12.559749	12.6	489999	30.711983	15.678277	66.54963	-3.6924815	-30.498226	0.47309023	155465.63221120834
246	60.032932	2.3805046	62.39049	57.06388	58.188255	2.1539629	61.48515	56.660492	12.572327	12.3	491999	30.74132	15.668971	63.451748	-19.21416	-30.532343	0.47450396	156288.67634177208
247	60.39018	2.2849712	62.288136	57.086857	58.594643	2.3281896	61.565266	56.598537	12.651898	12.4	493999	30.753695	15.694116	69.65521	-3.2849202	-30.540617	0.47295707	157119.80437517166
248	59.926373	2.383561	62.37078	56.930984	58.167805	2.1251974	61.51772	56.668755	12.553459	12.3	495999	30.771694	15.676273	65.22448	-6.7559667	-30.553246	0.46594247	157952.52515006065
249	60.25123	2.3337145	62.317173	57.00854	57.71869	1.9877949	61.68986	56.52673	12.622642	12.2	497999	30.765478	15.677701	65.043465	-5.226809	-30.545652	0.47398034	158803.96357941628
250	60.463177	2.25711	62.30491	57.013397	59.5909	2.3179033	61.634403	56.632427	12.6645565	12.6	499999	30.76289	15.658828	64.64841	-2.2565553	-30.545357	0.46505472	159617.73498940468
251	60.178402	2.3464193	62.39722	57.074116	58.563843	2.2811844	61.36869	56.586548	12.6075945	12.4	501999	30.72498	15.676301	73.912094	-3.5175	-30.512346	0.47318807	160430.32253575325
252	60.12968	2.3585265	62.441525	57.024	58.634235	2.3259706	61.567463	56.551907	12.597485	12.4	503999	30.758633	15.680673	62.86628	-20.96809	-30.543846	0.47418076	161238.43249845505
253	59.93787	2.371822	62.30732	57.039352	59.13569	2.4296286	61.686703	56.59258	12.553459	12.5	505999	30.70424	15.715989	65.187355	-2.3249602	-30.490782	0.47940725	162035.39981102943
254	60.484756	2.2268465	62.393	56.97451	58.62052	2.349522	61.69007	56.61163	12.670886	12.4	507999	30.72426	15.652647	67.27637	-3.0003862	-30.508726	0.46426025	162814.6567018032
255	60.359974	2.3056643	62.349827	57.080597	60.040203	2.1931493	61.599907	56.538593	12.63924	12.7	509999	30.71426	15.681132	64.380035	-5.1592827	-30.501747	0.47528	163541.75028324127
256	60.44813	2.2604418	62.30769	57.0433	59.601574	2.3411107	61.647213	56.638065	12.6645565	12.6	511999	30.750183	15.655442	63.285583	-4.194289	-30.537832	0.4796837	164254.15940093994
257	60.124012	2.349602	62.32147	57.090782	58.167297	2.153976	61.580635	56.56957	12.591195	12.3	513999	30.707708	15.667388	62.576904	-9.883502	-30.49132	0.46859157	164964.62962651253
258	60.003723	2.3664973	62.388805	57.041183	58.180195	2.1954226	61.588753	56.54071	12.572327	12.3	515999	30.747562	15.684671	63.7644	-5.6870146	-30.52944	0.480331	165660.80046343803
259	60.309612	2.3052156	62.334682	57.073704	58.567085	2.342203	61.59957	56.55223	12.635221	12.4	517999	30.79227	15.63813	67.03778	-2.0245738	-30.57494	0.46762422	166378.34675383568
260	60.325863	2.2988768	62.322346	57.040794	58.641582	2.368488	61.591877	56.57539	12.63924	12.4	519999	30.77143	15.65633	67.6224	-1.2534081	-30.561045	0.46407405	167093.66821837425
261	60.239727	2.3199508	62.31176	57.08198	58.631317	2.2862887	61.60332	56.63087	12.620254	12.4	521999	30.768927	15.635765	64.98741	-0.8898634	-30.557785	0.47749507	167811.37279105186
262	60.227238	2.3403423	62.432465	57.051914	59.527702	2.33878	61.51762	56.490147	12.616352	12.6	523999	30.793213	15.675844	64.64787	-0.3404392	-30.574387	0.46883625	168541.38877630234
263	60.216957	2.3009822	62.29215	57.07173	58.605724	2.339295	61.557003	56.5544	12.613924	12.4	525999	30.825712	15.657037	63.374268	-6.0853233	-30.6075	0.48096517	169259.4055173397
264	60.377174	2.3055668	62.39521	57.04369	58.628075	2.331855	61.575436	56.56324	12.64557	12.4	527999	30.781555	15.662249	61.10403	-0.52135	-30.564495	0.45789662	169977.60921406746
265	60.251854	2.325232	62.38939	56.994003	59.100372	2.3877301	61.663326	56.61944	12.622642	12.5	529999	30.74457	15.59798	64.34995	-7.97008	-30.529837	0.45813933	170696.45302176476
266	60.291264	2.3109486	62.340763	57.02923	58.606518	2.3531837	61.5586	56.52762	12.626582	12.4	531999	30.76826	15.684087	62.400333	-9.104266	-30.554075	0.4711351	171413.08251214027
267	60.31657	2.321398	62.311207	56.94973	58.183952	2.168094	61.60233	56.620102	12.635221	12.3	533999	30.798203	15.696408	67.88774	-9.220211	-30.585676	0.47466692	172128.84363269806
268	60.161873	2.3323236	62.35685	57.028492	58.551727	2.3027966	61.486614	56.586185	12.601266	12.4	535999	30.706043	15.674364	63.632244	-1.9840257	-30.49691	0.4632738	172851.73176908493
269	60.037663	2.3591077	62.343002	57.00239	59.114697	2.3355687	61.590214	56.645153	12.578616	12.5	537999	30.76762	15.664394	72.8107	-0.5789968	-30.557652	0.46382678	173524.90733027458
270	60.48609	2.2534206	62.288353	57.04928	58.192085	2.1674783	61.508762	56.67727	12.670886	12.3	539999	30.734394	15.669339	63.35836	-5.7689633	-30.52609	0.46323517	174238.47007489204
271	60.530025	2.2369473	62.348804	57.068478	59.038902	2.4019344	61.54662	56.57836	12.683544	12.5	541999	30.737755	15.691571	69.734	-8.561155	-30.526144	0.47010803	174953.51191854477
272	60.317703	2.2982666	62.39427	57.108925	58.636402	2.3325484	61.68396	56.60645	12.632912	12.4	543999	30.724236	15.672317	64.22837	-6.4306264	-30.513758	0.47138837	175674.63406205177
273	59.85669	2.3853645	62.31145	57.060413	59.164654	2.3948317	61.62127	56.640347	12.5375	12.5	545999	30.796488	15.676242	70.13069	-10.362454	-30.585009	0.47234553	176395.02438807487
