Epoch	AverageEpRet	StdEpRet	MaxEpRet	MinEpRet	AverageTestEpRet	StdTestEpRet	MaxTestEpRet	MinTestEpRet	EpLen	TestEpLen	TotalEnvInteracts	AverageQ1Vals	StdQ1Vals	MaxQ1Vals	MinQ1Vals	AverageQ2Vals	StdQ2Vals	MaxQ2Vals	MinQ2Vals	LossPi	LossQ	Time
1	15.708338	8.918923	62.377796	4.830865	-1.2362527	0.3596152	-0.72153944	-1.8613212	21.234043	17.6	1999	1.666144	0.85631555	5.3440146	-1.2114217	1.6661439	0.85646343	5.341976	-1.1817222	-1.8829185	0.051354293	78.56235194206238
2	17.679968	14.181823	86.85212	5.620338	38.865562	0.5319595	40.30579	38.22343	23.011627	22.1	3999	4.336989	2.4768603	15.789448	-3.4398975	4.337282	2.476853	16.005917	-2.5350814	-4.820712	0.24448504	253.47007417678833
3	18.151121	17.093311	131.47325	5.4185095	28.251577	0.9976245	30.041811	26.9547	21.28421	22.9	5999	10.254065	4.6121497	29.569014	-7.31768	10.253742	4.614971	29.04881	-9.23192	-11.967498	1.2293317	444.9354543685913
4	16.5963	12.582856	88.287506	4.7718105	35.95603	0.84446716	37.522	35.03717	20.649485	27.3	7999	18.758617	7.162896	44.623695	-18.073896	18.758236	7.1720533	45.877594	-16.933685	-21.5258	3.3463154	644.6859221458435
5	19.728779	18.675835	141.56474	5.7132974	43.375347	1.5794599	45.71068	41.76485	23.10465	31.7	9999	27.078758	9.986175	63.580082	-16.14156	27.078272	9.997493	61.47729	-15.680256	-30.44518	6.0735474	837.3373804092407
6	99.01524	78.6779	248.53368	9.163598	190.67276	2.8242178	196.1094	185.95105	57.142857	96.6	11999	37.30536	13.627797	74.84274	-18.280485	37.30422	13.647601	74.71562	-17.187725	-41.141094	12.0960245	1040.8460249900818
7	207.70987	22.919086	249.05193	156.43741	218.3178	3.8726978	222.1524	209.62599	99.15	105.0	13999	47.57931	16.092365	85.61736	-20.16878	47.57861	16.111334	85.06108	-21.382778	-51.656353	17.976902	1238.4005925655365
8	207.05461	9.580732	224.32819	191.09131	216.64067	5.839332	224.0335	207.82317	100.65	105.2	15999	58.94306	17.874346	95.94565	-23.889734	58.94437	17.895891	96.636765	-27.694117	-63.607533	24.216063	1441.2492880821228
9	225.0359	35.53531	305.2744	181.74814	276.2746	2.1338677	279.91898	272.78085	109.666664	126.4	17999	68.82156	19.801037	107.94275	-24.339136	68.82334	19.803764	108.131805	-30.088766	-73.35105	23.839603	1641.999176979065
10	283.7101	13.596925	300.6552	259.60013	301.32083	2.4127653	305.5755	298.24673	131.13333	131.6	19999	76.40617	21.463598	120.56288	-30.120823	76.40668	21.481642	120.12879	-33.24113	-80.40173	24.789192	1840.7595856189728
11	302.08023	11.439596	321.73923	272.61826	294.20688	3.4989424	300.4535	290.23886	134.2	133.1	21999	81.7966	23.88896	129.28223	-39.73301	81.79814	23.899412	127.544914	-38.552235	-85.883484	24.960516	2044.9570751190186
12	297.7553	13.856224	329.0418	276.77115	286.08826	3.8287432	293.24448	281.38962	141.64285	135.1	23999	88.51126	26.486685	132.58388	-35.531487	88.51287	26.48917	132.8233	-37.572983	-93.03454	25.653229	2245.5511236190796
13	288.99576	8.983063	308.01413	277.02997	302.01788	2.9722745	307.08072	297.23105	133.66667	133.5	25999	96.00955	28.940763	142.04582	-33.58698	96.01038	28.9472	141.19757	-57.198723	-100.52566	26.410015	2449.1160600185394
14	293.4621	9.686234	312.04675	277.67517	285.823	1.083997	287.37427	283.91904	129.5	125.1	27999	102.46063	31.95199	145.88483	-44.36016	102.46238	31.953533	146.0757	-41.347336	-107.00498	27.552265	2657.4237010478973
15	299.68304	14.940118	322.0517	276.94943	309.42987	2.9001372	316.99332	306.54544	136.0	148.9	29999	107.74478	34.990555	157.70859	-57.97311	107.74549	34.99504	157.42	-52.699455	-112.0154	27.090433	2874.094379901886
16	267.67645	89.16077	331.2969	33.54251	328.47998	6.6405797	345.7133	321.6096	124.25	155.7	31999	111.8989	37.393597	167.6014	-44.00156	111.8999	37.394238	167.01227	-64.5842	-116.010445	27.79169	3088.562707424164
17	313.8559	37.64756	374.36728	261.1713	264.7135	1.96866	268.09726	262.34335	150.28572	119.6	33999	115.00641	39.647205	175.07399	-47.350666	115.00665	39.654175	175.52313	-73.82271	-118.83209	28.755245	3304.0007078647614
18	268.57898	10.663007	287.20654	242.85886	276.14716	4.1847854	285.21967	269.59	119.25	124.4	35999	117.77013	41.654636	179.46808	-53.363945	117.76994	41.66207	178.04263	-61.69598	-121.752075	31.666265	3528.11012840271
19	256.1507	63.882263	309.77814	79.42186	278.79993	3.0573378	282.17258	272.8813	116.166664	124.9	37999	120.90813	43.776237	181.04584	-76.9158	120.90884	43.788303	177.26245	-63.45521	-125.03492	31.446941	3751.1353647708893
20	302.5375	49.429977	377.12335	208.51753	373.66708	5.860868	384.2167	366.1877	132.26666	162.1	39999	123.862	44.850315	176.9822	-66.588264	123.86107	44.85177	176.33328	-60.21246	-128.0134	33.496147	3985.4634873867035
21	321.01855	40.738953	440.67517	268.16248	303.0074	11.701752	323.23422	282.96518	137.64285	132.4	41999	125.33088	44.299408	171.73813	-92.2393	125.32981	44.311356	171.92108	-115.63921	-129.17595	33.552986	4212.526731014252
22	295.54434	70.00715	362.63428	41.534462	322.36264	2.6688688	326.99396	318.3693	125.6875	139.8	43999	125.59774	43.30202	175.58704	-68.09226	125.59776	43.31219	174.50507	-65.0887	-128.95546	31.435394	4439.213114023209
23	285.36224	74.9177	335.90833	80.98472	315.87433	3.68745	322.9307	310.84515	128.9375	135.0	45999	125.5114	43.243404	178.31187	-57.24635	125.51156	43.248577	177.568	-54.47094	-128.77812	34.02061	4675.308419942856
24	320.72028	7.614839	337.0214	308.54388	252.52734	107.79232	541.1787	140.05379	135.64285	110.9	47999	125.18381	43.73243	181.02806	-55.67468	125.18508	43.734905	179.20967	-58.223923	-128.41252	28.094847	4914.934817075729
25	300.5644	127.412735	513.12976	125.8754	281.88678	46.45252	402.09872	202.5148	120.82353	120.5	49999	124.58364	44.309303	182.54109	-118.8967	124.58457	44.306835	181.43842	-130.31982	-127.73072	31.024359	5156.3309235572815
26	351.30698	54.716557	500.96155	278.4525	343.56332	47.63904	412.31183	291.34915	143.07143	156.2	51999	124.62889	44.515514	183.14246	-119.41326	124.63048	44.515076	182.8139	-106.8441	-127.75439	28.102812	5398.37189912796
27	310.70328	148.47127	460.26022	10.274932	360.07596	24.000078	417.2688	340.7988	126.5625	146.0	53999	125.4421	44.38317	183.642	-94.64624	125.44218	44.381004	182.01137	-100.03189	-128.65692	32.024906	5629.992162466049
28	419.5945	106.147194	588.77655	302.76254	542.09534	47.968357	623.2616	480.3537	162.33333	187.0	55999	126.97625	44.000725	182.22145	-128.73776	126.97764	44.00473	181.00308	-128.68286	-130.10732	30.875895	5875.21839928627
29	551.876	154.21114	794.4901	288.9669	442.3602	160.79459	769.5465	352.7523	197.9	186.0	57999	128.84132	43.348328	231.43184	-97.248344	128.8423	43.34454	217.966	-113.19564	-132.04077	34.434967	6120.842078208923
30	821.12604	59.952114	906.5157	745.02246	580.98706	71.60111	789.0793	532.9553	272.85715	241.8	59999	131.10977	42.903973	226.07414	-98.13314	131.11137	42.897747	219.07753	-106.79093	-134.21329	35.07114	6344.515411615372
31	435.8508	306.51108	1118.7511	166.28777	329.6397	252.60844	1060.0892	147.8672	181.85715	166.4	61999	133.82018	42.408386	224.1541	-111.401924	133.82144	42.408993	221.32735	-110.62382	-137.04333	41.025517	6579.335374593735
32	1115.2092	870.0549	2794.3318	239.23703	172.02042	1.9233423	174.74068	168.31401	485.16666	93.5	63999	137.34517	42.083344	218.76851	-98.37443	137.34636	42.083504	216.59564	-117.98909	-140.70071	43.02528	6813.0288169384
33	198.31648	98.38786	479.1187	136.50964	125.07658	3.6050081	129.72847	119.08371	110.166664	73.1	65999	140.58334	42.14764	222.9653	-118.58948	140.58601	42.13166	223.9563	-159.98093	-143.8611	45.62863	7049.461625099182
34	299.0417	286.3861	1246.4379	162.79208	1060.5719	55.844086	1116.4178	944.50085	132.86667	345.6	67999	143.85689	42.44463	228.40321	-134.2283	143.85754	42.438942	230.10388	-134.82648	-147.14491	56.060814	7308.2098252773285
35	403.21585	210.09212	764.7891	151.62004	610.2143	9.014433	624.82794	597.88446	155.58333	200.1	69999	146.40208	43.19761	237.5066	-156.46169	146.4049	43.190895	236.73122	-148.93729	-149.44785	62.283016	7581.275547981262
36	625.54254	126.66374	821.3877	379.97577	830.04395	5.4864635	837.5835	816.2792	207.1	266.7	71999	148.26903	44.308838	245.25664	-132.0179	148.27052	44.30361	241.50813	-194.99794	-151.62915	59.6288	7865.797936916351
37	598.64087	105.20094	799.8838	475.49673	1199.5493	191.02126	1539.9055	980.2406	197.66667	360.7	73999	149.83691	45.929874	249.71559	-92.95924	149.83856	45.938686	242.59383	-110.28226	-153.00125	57.31821	8176.687859296799
38	805.9067	206.24838	1254.4094	571.30597	631.9107	12.888593	646.2949	609.78076	257.125	205.9	75999	151.98457	47.39506	253.4407	-92.16351	151.98415	47.406242	243.65643	-97.93697	-155.26053	56.21034	8487.532266616821
39	886.808	124.03825	1043.9668	704.80756	897.71094	60.41034	1008.84906	832.2753	276.875	278.3	77999	154.79814	48.599533	257.9235	-122.270515	154.79903	48.585342	246.56767	-141.87445	-157.96469	59.555557	8785.640075206757
40	821.0999	181.908	1116.1602	577.2228	908.466	81.61931	982.9288	683.87024	262.0	289.2	79999	157.45686	50.196888	260.5608	-50.963676	157.45792	50.195663	250.81479	-73.43062	-160.57246	53.841187	9101.248478412628
41	1050.8529	229.64468	1521.4563	789.30615	1219.7996	131.66257	1330.7314	997.1844	329.2857	373.0	81999	160.48434	51.18038	264.03314	-65.30821	160.48412	51.18045	258.52307	-71.42163	-163.80922	54.027115	9418.302727222443
42	1044.288	391.27835	1888.2168	723.06976	692.1464	239.76071	1402.2283	501.79092	328.0	248.0	83999	163.38828	52.654408	265.6822	-80.27538	163.38882	52.65089	259.60776	-83.7056	-166.80464	51.794613	9719.785953044891
43	982.26904	282.2456	1619.357	662.84656	1454.0222	344.77026	2349.0872	1159.7179	313.0	456.5	85999	166.87334	53.73568	267.57733	-69.2359	166.87271	53.741734	265.40823	-77.50704	-170.45622	52.320812	10024.439864635468
44	1047.5376	139.16197	1303.8353	855.8311	1143.4275	201.75941	1556.1759	896.98303	335.33334	350.5	87999	169.97005	55.004623	267.1142	-83.68845	169.97064	55.009224	263.88962	-110.290955	-173.40268	53.57935	10351.851600885391
45	836.6213	452.53897	1385.3943	285.11847	1001.2294	80.75967	1177.1658	918.8438	283.2857	322.1	89999	173.26547	56.02121	268.93723	-86.35691	173.266	56.015392	267.41037	-76.160736	-176.44972	51.10277	10671.908314228058
46	736.3237	286.71954	981.6303	272.905	1153.6671	222.87064	1361.7523	662.38293	254.0	386.2	91999	175.65652	57.07153	268.8318	-100.409546	175.65562	57.070774	267.0664	-92.67463	-178.99428	54.28142	10992.11365032196
47	890.73663	408.57217	1375.7882	360.84988	1332.8413	879.74146	2849.8574	448.96085	304.7143	480.0	93999	178.03625	57.893497	264.63666	-85.74912	178.03809	57.887356	265.2435	-83.06435	-181.21129	53.15289	11328.511429548264
48	1149.7881	107.10966	1279.1027	986.4748	1872.6885	840.0333	2894.9824	707.1463	376.8	643.5	95999	180.68808	58.2881	264.0386	-69.592224	180.6877	58.281845	265.1742	-82.15303	-183.90488	57.5945	11678.702385425568
49	1042.2616	368.8891	1772.7477	695.6163	794.1356	130.25645	1115.681	700.3366	332.33334	246.4	97999	182.58836	59.069176	264.4093	-147.96503	182.58997	59.072124	262.95294	-130.11203	-186.07051	52.74692	11996.5180413723
50	1195.575	439.23532	1909.7081	717.8162	1345.5336	744.3529	2756.3672	719.9315	369.0	438.2	99999	184.49782	59.505302	262.13992	-116.07137	184.49654	59.505306	264.16034	-121.71001	-187.82037	53.764313	12330.741783380508
51	1032.1141	199.81554	1409.4612	784.40857	1604.39	245.38333	1972.7249	1270.4147	323.0	511.3	101999	185.88272	59.79669	261.98502	-70.98749	185.8829	59.8048	265.51968	-85.90433	-188.83575	53.6805	12674.729952812195
52	564.51746	313.45383	1056.0847	53.00318	1211.0582	94.079834	1390.919	1087.6432	201.7	379.9	103999	187.2919	59.873676	262.82983	-79.03553	187.29182	59.867207	267.26837	-85.77111	-190.47272	59.14665	13008.141261577606
53	1130.42	779.8166	2297.2263	33.769047	1109.3635	548.0839	1607.0831	36.576584	379.4	360.8	105999	188.66975	60.240463	264.73227	-117.27099	188.67001	60.24491	267.04062	-54.5009	-191.62343	52.96516	13338.27572131157
54	1081.7814	436.53607	1665.3516	433.59525	988.2886	100.99949	1106.7747	754.041	352.0	309.3	107999	189.7646	60.9236	270.8875	-95.42493	189.7649	60.93383	267.5907	-78.47119	-192.8046	54.682365	13668.82756948471
55	950.52686	209.23477	1156.7279	545.83795	1581.8306	242.96481	2102.343	1244.0602	301.66666	502.5	109999	190.947	61.4442	271.74374	-107.497734	190.94733	61.44544	269.2991	-97.165405	-194.03177	57.171993	14010.255028247833
56	851.9824	305.29352	1255.0004	303.8952	404.0298	120.70568	553.413	269.0489	274.625	136.5	111999	192.40562	61.73216	272.87988	-145.74776	192.40442	61.7373	271.1407	-131.8774	-195.50182	52.451546	14325.131273031235
57	725.4134	490.35242	1714.4575	298.47903	799.6383	514.92944	1920.7979	294.25058	257.42856	295.5	113999	192.94827	62.052425	271.78067	-89.088234	192.94864	62.055054	271.10297	-107.56886	-195.73244	53.106796	14620.88697052002
58	1356.65	126.403534	1498.6431	1180.6761	1505.2147	127.41485	1635.083	1290.2701	430.5	466.9	115999	194.19177	61.8255	273.29022	-81.89144	194.19041	61.832096	273.44733	-99.516014	-197.12056	50.963966	14923.537125825882
59	655.2666	725.21564	1967.3397	34.476322	330.9227	592.06775	1583.6499	33.37594	218.72728	113.8	117999	194.88092	62.203545	277.5345	-94.20487	194.88008	62.219124	279.71536	-138.47221	-197.61081	54.4889	15214.755306720734
60	1303.8945	639.73035	1976.8037	252.12788	1256.9606	493.48718	2196.1604	37.702938	421.25	386.8	119999	195.90036	62.254745	281.8148	-85.598236	195.90063	62.2545	282.36722	-94.47564	-198.68619	54.44304	15517.869668006897
61	1847.4167	519.00134	2498.08	1201.5358	1267.8562	98.51737	1551.2528	1196.4524	582.25	391.6	121999	196.7683	62.437073	284.10645	-70.52272	196.76738	62.445633	284.84933	-93.370155	-199.69507	56.605007	15822.682645559311
62	1280.2566	245.32318	1762.8113	1079.7078	1576.8274	126.67439	1894.1078	1409.8605	394.8	483.4	123999	197.78963	62.7958	285.81183	-99.83531	197.78958	62.795944	286.57162	-109.50826	-200.40628	55.727806	16132.021114587784
63	1135.363	217.99379	1524.957	922.23267	1084.5114	35.710007	1169.3494	1044.1696	351.4	324.3	125999	198.51485	63.529877	283.65814	-88.24116	198.51524	63.533794	286.28214	-80.09397	-201.16994	51.33829	16435.968023061752
64	1121.6298	126.72217	1333.7671	984.3209	1278.0527	423.3241	2269.347	977.15826	341.66666	390.9	127999	199.4159	63.7065	286.66302	-63.915314	199.41512	63.71386	287.47006	-117.25228	-202.15407	50.67054	16746.67856502533
65	1062.9681	92.29412	1243.1442	950.22107	1357.7239	193.88477	1661.1068	973.6278	327.83334	417.4	129999	200.48306	63.70269	289.08444	-130.93874	200.48318	63.70114	287.03775	-96.87899	-203.33186	53.12758	17060.533535718918
66	1227.8762	264.7574	1723.626	1012.96277	998.7474	21.954317	1036.8307	958.3824	376.0	306.5	131999	200.97363	64.37443	284.72546	-106.65391	200.97394	64.37749	290.63397	-73.87904	-203.62971	47.836933	17377.442086458206
67	1035.2493	491.0589	1759.3949	24.466322	1371.1342	240.19405	1834.5116	1143.4015	321.14285	415.4	133999	201.86835	64.43628	287.53812	-105.02816	201.86829	64.44437	287.5623	-148.42255	-204.7015	51.303226	17698.8845205307
68	1391.3809	195.42252	1703.2632	1161.8986	1429.5526	139.28168	1640.6876	1228.7484	438.4	430.2	135999	202.62636	64.94296	289.5085	-70.16883	202.6252	64.94475	289.08502	-77.92323	-205.44313	47.612392	18019.275983810425
69	1067.1316	164.85619	1324.8274	862.6274	1146.9508	120.38666	1344.8027	975.2409	329.2	349.0	137999	203.31445	65.6279	288.46713	-116.93943	203.31519	65.63448	291.4938	-119.82931	-206.07257	49.343224	18336.05930352211
70	1086.5243	180.8879	1445.0093	936.8062	1512.7517	275.20575	2066.206	1138.8784	337.0	466.8	139999	203.85504	66.08424	288.88562	-81.08798	203.85474	66.083786	292.33914	-111.438156	-206.40732	54.22862	18670.844160556793
71	1683.3662	688.3405	2800.5403	934.7283	2146.5044	431.38028	2911.682	1609.6472	521.75	667.1	141999	204.73848	66.211266	290.2541	-81.89818	204.73807	66.219696	291.30087	-80.33722	-207.09	49.47705	19012.78764653206
72	1306.1879	278.87067	1670.85	1071.2	964.4076	195.15558	1161.2942	431.0266	407.8	307.0	143999	205.72386	66.22775	287.97348	-99.57885	205.72386	66.23983	290.8022	-78.66131	-208.3194	45.52486	19347.1441321373
73	1475.6853	275.784	1930.6494	1196.4404	1913.2725	950.75586	3164.4148	309.65967	461.0	606.0	145999	206.90437	66.17754	288.6041	-94.74382	206.90436	66.18073	292.58453	-119.4342	-209.70323	52.01336	19694.932404518127
74	1051.1425	824.15607	2302.17	47.145348	1370.4675	343.68326	2105.5916	1059.8827	341.5	426.7	147999	207.65338	66.40933	289.09872	-78.59516	207.65108	66.417	289.6284	-81.8366	-210.17778	52.41728	20035.804178714752
75	1367.3562	209.01653	1644.0055	1050.7959	1582.1223	273.93997	2171.5757	1262.8031	424.2	489.3	149999	208.92905	66.09919	290.4478	-123.899704	208.92947	66.10584	289.16797	-94.67973	-211.65285	48.351925	20385.178445339203
76	1380.7789	266.5522	1743.5122	992.6627	1564.198	261.60553	2036.5687	1252.4167	436.6	484.5	151999	209.53712	66.53911	291.9621	-75.28642	209.5373	66.55275	292.33994	-115.96563	-212.02347	50.63585	20735.81559920311
77	1697.5205	205.7566	1877.0319	1409.4332	2175.5662	242.18661	2593.369	1719.78	534.3333	677.2	153999	209.81436	66.96444	292.44748	-175.51106	209.81548	66.97191	293.2813	-123.47798	-212.01	47.533	21094.548414707184
78	911.53595	396.11682	1488.8116	431.1374	1935.0557	409.27744	2628.2495	1363.6066	304.85715	590.8	155999	210.56042	67.05402	296.3179	-98.75898	210.55984	67.06557	296.78568	-100.95793	-213.02208	50.51493	21444.86445426941
79	1442.1536	80.87558	1518.01	1333.6481	1458.4255	331.6405	2122.8262	1146.4126	455.0	451.1	157999	211.40948	67.211655	297.24545	-134.1886	211.40906	67.209236	298.7219	-117.2822	-214.04335	53.012383	21787.855148792267
80	1297.2512	380.79193	1939.8849	950.7049	1682.46	326.13763	2282.0234	1266.3163	409.0	522.5	159999	212.60423	67.205284	299.81253	-121.253815	212.60323	67.20896	298.2055	-73.69749	-215.023	52.542294	22140.904913663864
81	1517.0753	318.75943	1869.4928	958.722	2266.0933	460.55704	2947.439	1646.8274	476.2	763.4	161999	213.7234	66.74546	299.41293	-134.86794	213.72394	66.74718	298.55594	-90.06585	-216.12361	49.67692	22507.477726221085
82	1554.6865	285.32632	1872.0581	1256.9006	1679.2988	545.25385	3229.3533	1374.4707	499.0	523.6	163999	214.29268	67.01173	298.05087	-116.97064	214.29318	67.0157	297.8391	-96.08291	-216.67638	49.746872	22858.898454904556
83	1357.7653	404.65286	2049.602	1042.7345	1700.8389	844.0364	2558.7788	314.11996	442.25	545.6	165999	214.8413	67.44068	299.0442	-145.44121	214.8415	67.43991	301.1004	-104.213844	-217.06676	46.92796	23210.06352353096
84	1092.7437	255.8138	1404.5852	618.9937	1344.3518	95.409096	1501.1014	1182.8146	361.0	419.8	167999	215.59312	67.319145	302.04858	-78.66394	215.59314	67.3314	300.54654	-80.874374	-217.86386	52.127754	23557.12074160576
85	1560.9369	312.18854	1932.082	1161.3489	1260.2825	37.21359	1311.5367	1211.1691	490.25	408.9	169999	216.45668	67.713745	300.79233	-100.90969	216.45694	67.71414	299.9525	-81.62202	-218.75438	47.770733	23900.10989022255
86	1520.1119	362.8804	1984.9497	1106.7242	1660.8239	406.5587	2237.6443	641.8824	480.25	499.5	171999	217.0415	67.82233	300.7663	-100.94442	217.04164	67.831566	302.2351	-145.93819	-219.30269	51.669624	24256.671033859253
87	1343.0605	240.53929	1619.9629	1050.702	1081.9156	45.313812	1191.2385	1041.7916	424.0	338.3	173999	217.56625	67.86147	299.61792	-177.80798	217.56566	67.87134	300.6122	-123.002945	-219.69722	47.447006	24597.473584890366
88	1344.1888	241.05896	1588.6602	948.6317	2554.2358	643.41296	3237.2974	1674.4023	423.75	799.1	175999	218.14308	67.96829	299.5975	-105.19997	218.14218	67.97577	299.03928	-65.30259	-220.44324	49.12992	24968.22258257866
89	1184.0048	296.23993	1574.3031	754.5335	1801.8391	658.26056	3274.178	1377.3102	376.0	552.5	177999	219.06032	67.74898	299.18802	-98.96579	219.06065	67.751	298.42935	-84.0513	-221.36496	44.544224	25321.65434217453
90	1182.836	250.19714	1545.4429	766.1869	751.27094	14.256813	781.3095	737.71844	373.6	261.2	179999	219.39258	67.90304	301.40164	-112.06476	219.39294	67.897194	300.14297	-117.52749	-221.48941	44.14759	25665.1950442791
91	1163.2683	147.64127	1304.3308	975.3786	770.8351	30.226793	835.20245	742.34674	367.0	268.7	181999	219.86006	67.73764	299.66672	-120.63559	219.8604	67.73929	301.78772	-134.21135	-222.14844	45.354187	26006.00193786621
92	1123.6625	272.5614	1677.0673	832.14166	1537.2346	428.28287	2721.5112	1201.9087	350.16666	468.8	183999	220.37737	67.81017	300.64285	-122.527794	220.37608	67.81835	300.8566	-140.72108	-222.7186	41.453033	26365.08012509346
93	1305.1858	176.97455	1465.2839	965.7257	767.63873	5.4271393	774.676	757.34814	411.0	264.2	185999	220.83138	68.03544	302.90262	-112.22927	220.83237	68.03691	301.9433	-101.07423	-222.96356	46.306183	26714.495022296906
94	908.62805	167.026	1186.7191	739.8355	752.2015	8.274746	764.681	741.0942	299.2857	261.6	187999	220.88844	68.26118	301.32925	-112.241905	220.88756	68.26885	302.35135	-124.24964	-222.95882	43.441936	27056.910029172897
95	1074.3256	261.55493	1510.6615	720.1284	1262.178	114.006325	1475.6445	1137.7238	352.0	403.6	189999	221.37244	68.3094	304.04385	-64.5869	221.37314	68.31732	304.1669	-81.92448	-223.5395	45.093365	27404.265758037567
96	933.7481	121.036575	1112.1896	793.49396	753.30896	4.281703	760.77655	747.3091	307.5	258.4	191999	221.66325	68.40215	304.34985	-130.72557	221.66348	68.41129	303.41205	-172.35442	-223.89363	50.35276	27746.526185512543
97	957.84	360.14618	1533.2938	239.38205	955.7792	51.42067	1018.75507	865.32324	305.2857	296.4	193999	222.06912	68.2838	304.07852	-95.5635	222.06874	68.29473	303.78558	-173.85292	-224.27805	46.67158	28091.076372861862
98	992.75275	258.48798	1444.9836	623.3982	1333.0874	123.89598	1598.2411	1165.9255	302.83334	391.2	195999	221.94418	68.734695	304.86957	-91.75091	221.94415	68.73943	307.65347	-173.25612	-224.2229	47.74035	28445.161171913147
99	1063.4955	229.98834	1261.5841	595.49896	1395.3568	241.15608	1893.5281	972.1229	322.16666	414.5	197999	222.2349	68.7864	304.0934	-128.6412	222.23438	68.78668	303.62357	-89.80586	-224.5719	45.25	28795.265734434128
100	1076.9065	230.82361	1505.5854	862.03577	1451.5945	645.6378	3327.2551	1038.4688	321.85715	430.7	199999	222.21158	68.87194	305.59042	-82.22561	222.21208	68.87909	304.8417	-89.91317	-224.16919	46.781433	29156.78454875946
101	1134.5099	117.45658	1216.2341	905.5297	1263.864	214.90582	1806.3142	1071.9628	343.8	370.1	201999	222.48164	68.96053	306.76645	-106.03177	222.48184	68.96384	306.4905	-154.74489	-224.59348	50.308147	29507.729163885117
102	1169.9594	206.97388	1550.4712	949.8758	1377.8298	208.83356	1637.8737	957.40576	355.0	414.9	203999	222.88814	68.76914	306.70474	-107.90955	222.88954	68.775604	305.503	-75.32268	-225.07397	43.46546	29858.998816013336
103	1348.349	367.4627	2034.4319	942.9283	2883.9028	630.7739	3296.5059	1618.7661	405.2	877.8	205999	223.27742	69.04295	305.85327	-77.78389	223.27689	69.04856	308.9439	-144.75255	-225.45015	44.321617	30243.469115257263
104	957.63293	252.55629	1204.7607	419.2999	2614.738	911.1976	3317.4841	1142.8873	301.14285	792.3	207999	223.40903	69.30841	309.33865	-142.6996	223.40791	69.31557	308.76926	-126.260666	-225.66191	43.87559	30615.42364001274
105	909.80334	158.86476	1180.7844	614.2795	1569.4089	396.67044	2496.8486	1265.361	285.0	478.2	209999	223.63882	69.5565	311.0617	-211.96971	223.63914	69.566025	310.75198	-168.38261	-225.89674	40.771717	30978.065241098404
106	1125.1257	156.52876	1363.5758	934.2723	1476.3525	142.3123	1811.9363	1254.3375	341.0	436.4	211999	224.05124	69.63927	311.4595	-192.6919	224.05138	69.64959	315.12033	-220.25616	-226.32022	48.58988	31330.70329141617
107	1166.2975	159.74042	1414.0133	932.6158	1048.0378	375.495	1622.032	570.0375	352.6	333.9	213999	224.42027	69.49257	312.11533	-88.73676	224.42046	69.504265	310.0028	-104.18966	-226.47757	45.326782	31683.51604270935
108	1417.7433	327.26102	2013.773	1150.7719	1438.9382	352.97083	1915.1843	751.9645	434.4	443.0	215999	224.44298	69.8021	310.6258	-136.2987	224.441	69.81785	310.48685	-135.25372	-226.27797	46.345825	32042.659782409668
109	1134.9121	427.44083	1796.4467	472.17023	578.9258	993.5385	3207.5903	22.579884	353.5	194.5	217999	225.0551	69.74237	308.09308	-106.47592	225.05478	69.74947	310.92813	-107.47277	-227.21529	43.536003	32384.380704164505
110	1499.8042	341.49832	1922.6134	971.4118	1704.5989	526.09753	3021.6504	1280.1761	451.75	507.3	219999	225.31017	69.77878	308.48615	-161.5309	225.31107	69.77386	308.53806	-79.83625	-227.27104	43.745743	32746.9193482399
111	755.135	529.79456	1423.1815	13.331951	3203.9429	15.99737	3230.3525	3173.32	237.11111	1000.0	221999	225.4266	69.84776	306.5798	-115.42849	225.42662	69.85679	307.71378	-127.96587	-227.56905	44.581696	33134.57017302513
112	2058.2698	855.2671	3222.1367	1191.2346	2656.2222	732.99615	3228.29	1241.603	628.6667	836.4	223999	225.76956	69.72994	306.29086	-178.71822	225.77058	69.735855	305.16846	-187.31235	-227.6134	42.166466	33519.273416996
113	1577.5597	393.7501	2104.3804	1171.6348	2312.1392	681.8167	3267.1753	1432.1597	479.0	725.7	225999	226.23146	69.85846	306.08624	-108.46939	226.23077	69.86389	306.0407	-106.98402	-228.27202	41.479942	33891.683923244476
114	2153.8242	304.901	2415.9175	1726.2523	2468.9104	641.2777	3335.1953	1616.0725	641.3333	725.3	227999	226.98705	69.3541	307.07635	-197.26437	226.98701	69.35967	306.561	-100.35853	-229.02261	46.19297	34263.112611055374
115	1235.25	1280.2686	3151.659	70.44682	1270.163	134.91995	1573.5388	1038.1722	379.0	376.8	229999	227.39857	69.31925	305.28363	-111.01571	227.398	69.330345	305.93692	-97.840004	-229.4987	49.946327	34613.59889817238
116	2297.02	500.0633	2901.2825	1532.4792	1780.4076	596.2681	3346.4624	1038.3687	683.0	551.5	231999	227.98102	69.24796	304.51205	-110.589134	227.98103	69.25482	303.41205	-119.5439	-230.26343	43.039467	34974.218621730804
117	1517.8104	258.85327	1933.9081	1262.761	1200.6288	49.532486	1298.5138	1129.9309	453.5	355.9	233999	227.85468	69.345535	304.6203	-105.656235	227.85419	69.347824	302.98154	-99.6212	-229.80537	44.294006	35322.37143325806
118	1237.6241	258.53778	1757.6564	973.3428	1595.998	816.1176	3139.1934	771.32025	370.83334	525.5	235999	228.18211	69.236374	306.084	-83.01989	228.18195	69.236984	305.74994	-85.84265	-230.39554	45.404602	35684.306015491486
119	1464.3856	666.1951	2615.7244	1008.98596	1662.6807	349.59262	2408.0686	1245.95	441.5	498.0	237999	227.95882	69.319115	304.97534	-133.86649	227.95917	69.32885	304.99057	-249.63039	-230.06288	42.365723	36038.37856912613
120	1202.6311	75.54064	1321.0796	1117.3263	1524.092	319.55035	2185.7515	1191.4484	362.16666	455.9	239999	228.37726	69.501144	306.01974	-88.90553	228.37724	69.508385	306.13525	-78.015465	-230.41081	43.890694	36393.78756427765
121	1248.6438	240.42848	1585.1694	973.10754	1450.7327	395.1726	2181.6633	1003.3298	374.4	444.5	241999	228.926	69.40143	307.4884	-137.00171	228.9259	69.402916	307.0754	-154.18993	-230.792	41.17111	36748.854446172714
122	1732.8528	620.0803	2386.5886	995.02936	1033.5852	0.60391563	1034.674	1032.6309	531.75	1000.0	243999	229.43333	69.33758	309.33347	-109.508064	229.43362	69.33774	306.19855	-133.15923	-231.36908	49.16287	37147.307131290436
123	712.4365	469.11166	1530.232	293.90024	1317.6393	74.94137	1465.1036	1221.0005	277.0	391.0	245999	229.81276	69.64694	307.16467	-126.04506	229.81252	69.6511	307.81628	-80.51829	-231.934	45.419662	37508.18256688118
124	1211.0331	244.70282	1702.2957	880.12787	1235.2776	41.508392	1297.2034	1188.7184	368.0	372.4	247999	229.92496	69.64624	306.0811	-129.8921	229.9249	69.64779	307.7555	-99.0975	-232.10329	43.403114	37861.923124313354
125	1541.3704	504.45505	2409.4019	1159.8982	1489.5016	916.7188	3176.8596	241.25099	460.0	479.5	249999	230.50714	69.463455	308.56863	-126.52994	230.50682	69.47859	306.94492	-159.70407	-232.61322	46.520844	38228.67729258537
126	1732.7222	994.8587	2404.2734	12.796248	1743.7786	255.863	2098.4014	1469.9246	520.75	514.0	251999	230.78465	69.872	308.52414	-85.790436	230.78416	69.874214	309.06708	-163.8092	-232.90378	40.416405	38595.96000432968
127	2119.9944	851.1875	3217.9185	1143.5955	1568.5366	955.54236	3274.961	10.361951	637.3333	471.1	253999	231.29788	70.20998	308.92673	-128.54259	231.29802	70.21508	311.4072	-108.20716	-233.37457	42.48484	38961.374084472656
128	1564.6344	1289.1262	3165.4954	8.755257	2259.0295	835.08844	3180.7827	1218.5212	493.66666	718.7	255999	231.84114	70.2048	308.46606	-164.29999	231.84093	70.20751	308.3568	-146.62776	-233.83728	45.19313	39341.45627951622
129	3147.9092	32.11902	3180.028	3115.79	2117.3179	668.12286	3111.2705	1318.9386	1000.0	677.3	257999	232.59146	70.35542	308.88373	-84.74321	232.58974	70.37015	307.5383	-118.17903	-234.79878	45.304577	39716.1935710907
130	1931.0398	790.836	3109.1973	1003.34863	2446.1685	628.4081	3076.6025	1236.4362	597.75	806.9	259999	232.9865	70.414894	307.37518	-101.22185	232.98785	70.41374	306.8677	-91.29207	-234.80392	44.837852	40101.09505558014
131	1914.3035	914.42883	3194.616	615.13715	2533.3618	649.3489	3193.7769	1575.2787	613.5	792.1	261999	233.21281	70.46071	307.0774	-106.546036	233.21242	70.46376	308.0117	-93.15599	-234.96431	42.01248	40488.03920817375
132	3138.732	21.866089	3160.598	3116.8657	335.26898	1.9245363	339.13446	331.9561	1000.0	138.4	263999	233.73457	70.449326	309.64966	-63.662086	233.73372	70.45572	309.936	-112.985954	-235.54297	42.696194	40834.28647851944
133	1452.0894	612.0231	2292.748	598.58923	3224.2312	13.08984	3243.4236	3208.9514	452.25	1000.0	265999	234.41586	70.2256	306.3411	-83.392075	234.41405	70.239456	307.14078	-127.398315	-236.50331	45.234093	41231.601262807846
134	1458.8289	85.638664	1552.6516	1347.655	1561.0714	252.77884	1999.4062	1266.2344	445.0	473.6	267999	234.69124	70.17882	310.9138	-97.769356	234.69188	70.17662	306.90112	-88.74117	-236.77547	43.79961	41599.84276628494
135	2013.5938	511.07733	2668.188	1420.9104	2772.3809	370.5333	3255.4443	2228.079	608.6667	839.1	269999	234.76723	70.26799	309.61633	-91.207794	234.76746	70.27666	309.44327	-78.329285	-236.35243	40.637264	41989.403052806854
136	2190.9028	701.55835	3172.7773	1576.6039	2321.0327	632.6833	3213.578	1595.9756	696.3333	717.0	271999	235.33052	70.43773	309.39703	-80.2997	235.33122	70.44139	309.98315	-99.435356	-237.08153	44.117577	42369.47847700119
137	3105.8452	28.17566	3134.021	3077.6697	3003.223	463.2104	3312.7517	1906.2854	1000.0	909.1	273999	235.72998	70.406075	311.68268	-201.39693	235.7294	70.41395	310.30188	-166.68916	-237.67097	44.661407	42759.43974876404
138	1023.19086	1071.8215	2582.0093	25.733505	2430.1707	678.3051	3130.2761	1292.5748	322.5	764.5	275999	236.29338	70.26726	310.8698	-188.34195	236.29301	70.27281	309.28946	-62.89897	-238.27791	42.666225	43144.15649628639
139	1977.2662	411.7764	2345.8577	1402.5286	2017.8633	470.49396	2724.8386	981.3482	600.3333	639.3	277999	236.25502	70.45002	309.25208	-97.104996	236.25623	70.446045	307.59256	-131.65079	-238.19539	39.783222	43517.53673529625
140	1860.5094	967.4954	3096.1233	667.1579	1341.2869	626.17706	2414.6384	661.9224	588.25	443.0	279999	236.66338	70.290695	310.3584	-126.347755	236.66222	70.29459	309.27875	-94.35766	-238.54568	49.65321	43882.25471520424
141	1062.1993	853.4638	2528.4417	397.16373	1351.8005	805.56555	3142.2615	804.4177	352.25	426.5	281999	237.09096	70.12052	309.2358	-135.64174	237.09096	70.12296	310.52014	-96.438545	-239.0167	45.76199	44249.19484233856
142	2406.645	1022.90247	3136.592	960.06287	1633.4622	733.9558	3101.0034	1141.328	768.0	506.7	283999	237.45445	69.95984	310.3784	-91.04361	237.45468	69.973076	309.07297	-126.95962	-239.29193	41.318813	44618.25542473793
143	1448.6198	1176.2952	3112.061	601.806	1027.6184	399.79593	1506.9294	369.80032	490.0	356.0	285999	238.19278	69.6228	310.13107	-119.05291	238.19151	69.626396	311.21634	-123.36388	-240.2828	44.929386	44980.61167407036
144	2115.026	1132.4545	3144.7021	352.87888	1460.6556	783.13043	2930.607	803.30524	662.0	452.8	287999	237.94778	70.06629	309.5416	-103.15854	237.94865	70.073944	309.74362	-146.07227	-239.95322	50.764774	45349.954011678696
145	2029.1884	846.6165	3070.0513	996.3191	1709.7891	483.39865	2537.2705	993.7626	627.6667	515.5	289999	238.51749	70.020134	308.89874	-98.86453	238.51843	70.02321	311.00778	-100.64518	-240.47331	46.0915	45716.85384917259
146	1717.4298	873.2968	3207.902	1000.2523	930.1156	103.57139	1024.2769	730.8491	530.75	291.1	291999	238.71364	70.01538	309.20325	-155.47607	238.7131	70.01822	310.35568	-134.92592	-240.51514	47.80568	46074.70942926407
147	1551.3827	944.79193	3174.3987	847.1185	2378.0393	1040.7104	3270.9722	1009.33954	483.5	728.4	293999	238.90634	70.038086	309.33383	-66.50139	238.90608	70.04986	312.67734	-71.56016	-240.68347	45.640484	46453.01434183121
148	1466.6393	775.9569	2373.487	478.06683	755.9288	12.882408	789.8853	742.01514	456.66666	252.9	295999	239.26266	70.06146	308.41788	-103.28898	239.26247	70.061775	310.2853	-91.593796	-241.03954	43.618362	46799.090119600296
149	1488.2228	1089.7473	3236.4963	446.375	2096.4126	932.3465	3267.6475	1285.4838	473.83334	645.0	297999	239.36058	70.25274	310.92255	-96.62446	239.362	70.25557	310.82828	-71.8716	-241.25229	49.190094	47115.82047510147
150	2086.3542	815.419	3201.6145	1274.7393	806.8988	50.21916	912.61957	740.18787	644.0	261.1	299999	239.57008	70.14368	310.38892	-114.49406	239.56918	70.14637	311.92352	-123.07752	-241.41228	46.540657	47412.053572654724
151	1311.2247	791.5953	2808.8745	491.01126	754.9612	5.301097	765.8172	746.74036	405.8	251.4	301999	239.73798	69.80094	310.65472	-92.84007	239.73834	69.80474	309.7513	-87.98657	-241.76799	48.69342	47705.63990020752
152	1131.5763	328.55835	1555.7131	743.0421	818.79346	46.485836	941.674	787.11487	348.66666	258.3	303999	239.51698	69.90602	309.0163	-82.23901	239.5179	69.90619	310.7499	-80.21919	-241.24591	44.981598	48000.74523639679
153	1556.6111	951.0473	3118.825	736.5388	961.0081	96.380844	1071.0847	787.1838	489.0	289.2	305999	239.44785	70.03139	310.91034	-137.09497	239.44652	70.035614	310.63693	-216.29207	-241.00629	49.984985	48295.01943016052
154	1920.3168	780.90967	2860.7324	948.6673	1433.6854	753.55286	3139.6052	996.6938	570.6667	444.7	307999	239.89243	69.67977	309.73965	-111.34783	239.8922	69.69212	311.23383	-107.58027	-241.4312	51.340042	48597.23980617523
155	1189.5459	320.69	1641.0441	813.75006	1406.2817	651.49347	3156.3997	711.4699	363.66666	458.7	309999	240.3831	69.54337	310.47342	-87.418274	240.3821	69.5482	311.38428	-111.868256	-242.20006	45.21107	48898.19320225716
156	1635.8687	652.1464	2435.6174	966.20605	874.2711	109.59565	1128.2927	755.5303	501.0	273.1	311999	240.41821	69.658295	309.70935	-77.901146	240.41862	69.65883	359.6264	-112.86842	-242.213	46.929585	49195.36943435669
157	1338.0927	310.2456	1737.7572	963.7478	726.433	4.4720078	734.8796	717.46967	405.5	244.2	313999	240.52222	69.64094	310.821	-114.38112	240.5228	69.64768	313.5837	-117.56185	-242.40381	47.831085	49523.75408291817
158	1137.3588	1093.8156	3199.6353	80.640366	1030.1401	226.07123	1434.9087	633.16077	359.0	304.0	315999	240.50417	69.82852	310.74448	-70.641396	240.5036	69.83418	310.5322	-128.31552	-242.09215	38.912624	49842.22157907486
159	935.5674	359.29623	1243.042	82.312386	1563.2292	617.9565	3353.3518	1226.1976	279.57144	457.9	317999	240.73882	69.63103	310.24637	-76.29199	240.73952	69.62769	312.20663	-98.62535	-242.6476	46.43148	50183.000321388245
160	1120.9417	312.37292	1811.7695	890.2487	866.82043	60.314423	972.4522	796.6884	338.5	270.3	319999	240.9954	69.751625	311.3734	-75.590355	240.99638	69.75686	311.61667	-106.73294	-242.52081	47.321613	50515.80830979347
161	1331.1531	688.29504	2705.0981	930.60785	1048.4701	11.085077	1072.5504	1028.4956	400.4	311.3	321999	240.99878	69.90358	311.51108	-94.93714	240.99661	69.91123	310.72888	-163.396	-242.49736	44.553974	50848.123477458954
162	1214.7253	416.63815	2046.6246	978.78046	1025.6189	18.249725	1043.9211	995.2944	363.4	298.2	323999	241.3045	69.99363	311.9758	-98.18607	241.30469	69.98747	312.57257	-59.39845	-242.87871	36.549988	51181.357542037964
163	1824.112	244.2156	2119.3948	1541.1299	1098.5159	64.78775	1172.7344	966.0095	541.75	322.4	325999	241.25926	70.14872	312.35342	-59.72747	241.25983	70.15486	311.95694	-89.820175	-242.93944	46.582962	51515.995241642
164	1030.5283	76.3444	1200.1417	979.71497	1013.8215	14.744711	1027.1609	984.8015	307.33334	296.6	327999	241.47078	69.94852	310.70322	-81.92158	241.47157	69.94626	312.74036	-88.542076	-243.20709	47.880085	51852.38631653786
165	1501.3586	978.7442	3183.632	752.7958	1066.7976	48.38198	1131.8812	961.1521	465.25	319.3	329999	241.43964	69.88966	310.2921	-104.3252	241.44052	69.89443	311.53232	-147.56303	-243.21413	41.86978	52189.852471113205
166	997.9238	1068.112	3200.3987	22.360443	3220.1392	18.970673	3247.2297	3182.9458	309.85715	1000.0	331999	241.49962	69.67126	311.28113	-68.33578	241.49934	69.67457	311.1513	-83.47635	-243.50941	47.269264	52549.67248439789
167	1810.6473	422.05804	2114.5952	1213.8011	3266.008	10.726242	3284.0303	3246.209	551.6667	1000.0	333999	241.54909	69.67774	313.15918	-178.98683	241.54929	69.68139	312.8638	-95.88507	-243.31004	45.886227	52887.268314123154
168	3171.104	1.6488037	3172.753	3169.4553	1089.1208	31.510666	1158.1997	1044.6884	1000.0	334.2	335999	241.6058	69.699936	314.17325	-142.00853	241.60606	69.700584	309.5972	-159.15489	-243.49284	47.463158	53193.246927022934
169	2446.7617	1057.502	3295.6868	956.0158	701.465	152.26276	1039.5671	621.42633	765.6667	249.5	337999	241.7547	69.5685	312.53186	-66.12264	241.75592	69.577095	311.24432	-75.192635	-243.61919	46.69032	53495.10751032829
170	1060.216	286.05908	1547.2526	568.9485	781.3832	72.143486	974.09875	741.62665	333.83334	260.1	339999	241.6615	69.59481	313.01538	-115.2612	241.6615	69.60099	313.38693	-107.459755	-243.30466	38.87735	53820.7011847496
171	3156.2793	39.068848	3195.3481	3117.2104	670.1637	8.879679	683.6344	653.8275	1000.0	230.8	341999	241.71964	69.575005	312.87997	-269.56415	241.7197	69.5781	312.44754	-222.10208	-243.411	46.505688	54148.7889547348
172	1176.832	420.6251	1787.4402	609.2441	2963.2227	542.8039	3154.3733	1334.9569	381.75	940.5	343999	242.3625	69.15357	311.5577	-156.27243	242.36194	69.158035	316.28946	-170.839	-244.16112	40.318855	54518.55603528023
173	1581.3674	841.8201	3200.0737	864.03534	1090.1819	277.28058	1888.8817	772.75885	487.8	335.2	345999	242.64256	68.954735	314.70236	-90.47165	242.64272	68.95933	313.934	-102.25463	-244.45694	44.863983	54859.312994241714
174	1121.6942	313.2559	1740.8292	883.5054	1074.6272	42.756	1144.6238	1030.1226	358.4	319.0	347999	242.544	68.895134	314.65158	-155.28445	242.54416	68.895325	312.60837	-95.500946	-243.9877	42.982788	55185.96649956703
175	1872.4469	771.138	3146.391	1072.8336	1473.784	561.2415	3123.549	1062.1527	581.25	464.0	349999	242.41914	69.07203	311.75058	-100.6836	242.41869	69.083046	312.21283	-58.510918	-244.26456	44.610546	55526.327124118805
176	1396.129	968.72375	3065.089	722.453	1721.9402	958.11725	3216.5286	1034.0659	449.75	530.8	351999	242.7228	68.71532	312.1578	-98.99764	242.72238	68.73574	314.45383	-143.32895	-244.2239	45.61908	55870.37346768379
177	3215.6445	37.696533	3253.341	3177.948	1419.2751	431.1793	2372.137	998.29144	993.5	432.9	353999	242.87013	68.596344	313.81836	-104.00875	242.87003	68.601776	312.68323	-104.23667	-244.17978	43.92115	56205.25483250618
178	2130.3562	755.5888	2707.6365	1062.9784	1138.4753	256.77933	1778.6573	770.2998	664.3333	345.4	355999	242.60117	68.63106	312.31082	-127.138916	242.60092	68.636475	313.24564	-131.61992	-244.47424	42.768345	56542.1613035202
179	2164.4094	432.03308	2753.5762	1729.6805	2822.1572	544.8518	3194.8076	1777.4908	684.6667	884.8	357999	242.8736	68.23485	312.71686	-108.77679	242.87234	68.243744	311.43677	-123.824066	-244.28725	46.049156	56899.73075509071
180	3135.4084	10.621826	3146.0303	3124.7866	3246.82	5.3832436	3252.4326	3232.9587	1000.0	1000.0	359999	242.75908	68.22337	310.88013	-87.409904	242.76	68.220184	310.89166	-114.63224	-244.2576	44.039772	57273.41794466972
