Epoch	AverageEpRet	StdEpRet	MaxEpRet	MinEpRet	AverageTestEpRet	StdTestEpRet	MaxTestEpRet	MinTestEpRet	EpLen	TestEpLen	TotalEnvInteracts	AverageQ1Vals	StdQ1Vals	MaxQ1Vals	MinQ1Vals	AverageQ2Vals	StdQ2Vals	MaxQ2Vals	MinQ2Vals	AverageLogPi	StdLogPi	MaxLogPi	MinLogPi	LossPi	LossQ	Time
1	17.992912	12.730619	71.22403	5.3960476	46.162045	0.94180286	47.206284	45.09622	22.088888	27.5	1999	3.53434	1.9358143	13.406726	-2.08255	3.5344706	1.9342468	13.172039	-1.7608527	-1.4572898	1.1076512	5.304249	-7.4574466	-4.0610905	0.2702811	161.17728543281555
2	19.744799	19.089205	123.68927	4.4751754	139.96732	2.828476	143.22903	135.37149	23.714285	69.2	3999	12.854973	6.5579453	41.737495	-9.115417	12.854728	6.549458	42.199707	-9.785594	0.24138694	1.9111145	14.5412655	-10.937841	-14.353758	1.8126593	553.2003128528595
3	20.766209	22.137024	136.11049	4.5146976	14.767424	0.57262325	15.282313	13.832617	22.84091	15.7	5999	31.377115	12.444616	98.28209	-56.20691	31.376392	12.440893	101.750946	-48.9249	1.522141	2.2003787	16.063396	-13.581888	-34.521774	8.740663	960.4104397296906
4	21.72511	20.61767	132.19658	5.441108	216.41101	1.2879725	218.93427	214.07582	23.975904	92.9	7999	57.44481	19.239372	128.45192	-58.11563	57.444023	19.25381	128.87257	-49.499565	2.4287004	2.364877	20.210003	-10.472929	-62.45804	22.464218	1376.1454071998596
5	18.212433	15.940511	87.786995	5.083663	66.40224	0.33728355	67.181694	66.03486	22.761364	37.0	9999	77.74727	23.377998	152.78362	-103.65324	77.74614	23.39763	154.7326	-84.21303	2.3360295	2.6588647	21.72056	-13.7318325	-83.12656	36.763023	1789.7849259376526
6	138.24976	87.04592	321.36334	13.753883	207.20686	1.1923206	208.85379	205.41086	66.666664	90.5	11999	95.0529	27.808714	179.99161	-84.43849	95.05008	27.844063	181.4821	-77.32128	2.1148067	2.9103928	21.368256	-11.391926	-100.520294	72.29293	2218.166538953781
7	242.30078	53.95488	295.60123	39.891342	217.5378	1.124627	218.72383	216.23775	105.89474	100.5	13999	114.49759	33.095318	203.35161	-72.189125	114.49553	33.154125	206.22447	-64.150215	2.2385333	2.825036	20.99347	-11.466396	-120.07029	83.73175	2645.777590751648
8	244.47934	54.495472	297.03244	45.220715	292.83804	4.1669064	297.71378	285.43964	103.31579	118.3	15999	132.91905	38.662113	209.71202	-91.506775	132.91866	38.70773	213.69142	-53.262978	2.0504296	2.6836457	22.576458	-11.277421	-138.26405	78.775734	3067.8165004253387
9	295.14923	20.739424	319.2954	227.41827	244.1381	1.117316	246.2417	242.88876	123.5	105.3	17999	143.62604	43.82729	212.84393	-147.5843	143.62341	43.878857	214.09964	-108.72205	1.9234009	2.767869	23.682154	-12.827976	-148.76366	72.42927	3491.457304239273
10	271.3794	17.594599	303.67926	222.42317	295.78488	1.413828	297.96054	293.0641	114.94118	119.2	19999	152.13354	46.213615	216.74185	-106.985886	152.1286	46.246433	219.15094	-61.06144	1.8358765	2.8676453	25.890282	-13.728559	-156.8722	71.33958	3878.1710209846497
11	308.75385	57.01792	355.88818	157.67033	280.2082	2.7751987	287.31558	277.00754	124.05882	117.5	21999	156.74648	49.59668	225.82584	-237.50517	156.74518	49.618015	225.2695	-107.06689	1.805397	2.8899798	25.590511	-12.044993	-161.3539	72.85545	4264.758801937103
12	309.7045	14.140172	338.61722	280.06125	349.6396	1.5262733	351.95108	347.30667	129.13333	136.7	23999	159.5794	52.383724	224.77563	-92.79274	159.57825	52.40453	227.5309	-106.24663	1.8530358	2.8677025	28.252161	-11.135126	-163.97672	66.62552	4620.321211576462
13	335.90057	14.814065	359.38077	303.3457	377.2278	8.190192	385.40378	362.74454	134.2	148.1	25999	161.00084	55.181583	224.03	-97.843864	160.999	55.191803	223.26553	-84.442825	1.7312183	2.8389616	26.411863	-10.672812	-165.09381	60.663868	4965.528323173523
14	349.3656	34.33496	402.8776	276.9807	407.222	1.296833	408.74838	404.8634	136.2	140.7	27999	161.34995	57.491673	223.36136	-98.99937	161.3485	57.50344	222.25983	-75.72784	1.6432284	2.805411	26.167986	-12.549076	-165.11185	55.10649	5309.909807920456
15	397.43774	39.662197	459.9269	295.46048	507.94864	2.5805945	511.30368	504.6983	142.64285	187.3	29999	159.44872	58.354656	222.24004	-129.4204	159.45082	58.35709	220.27034	-127.30685	1.3840472	2.7218714	26.415588	-10.526135	-162.80054	51.44434	5621.142200708389
16	479.86942	78.57165	613.8322	346.9514	423.02505	2.2589102	425.44733	418.07535	182.90909	164.7	31999	158.94211	58.420338	225.78471	-111.94956	158.94244	58.428238	238.80524	-97.55089	1.3890747	2.6504838	27.665985	-11.122511	-162.19766	50.959198	5924.597842216492
17	452.02563	111.9226	614.2113	227.14812	391.73663	236.30315	801.8994	233.38116	195.9	185.4	33999	158.62144	57.513184	285.64087	-153.57524	158.62099	57.517418	294.05118	-139.12624	1.4098208	2.7143877	30.10546	-10.718701	-161.83244	49.16381	6228.488023281097
18	845.1704	223.7125	1272.9163	593.8895	329.37363	193.11383	725.7356	222.74112	335.33334	161.8	35999	160.20724	56.09747	287.81357	-99.49157	160.205	56.111732	292.93628	-81.55017	1.2590259	2.6993842	35.480377	-13.1173	-163.04367	51.809254	6530.721240282059
19	591.31323	185.06914	902.7796	347.92282	471.558	169.7138	755.2296	330.48566	222.77777	195.7	37999	160.8082	55.034348	273.1882	-90.77397	160.80733	55.049854	270.94058	-98.58507	1.3036835	2.7109838	41.034184	-10.858899	-163.52737	57.55688	6835.885990142822
20	583.157	223.09059	952.5235	310.23624	386.5804	1.7585769	388.46426	384.25296	229.375	175.7	39999	161.55338	54.24899	280.37494	-95.36167	161.5524	54.27424	280.9203	-82.77355	1.410304	2.6779797	47.09016	-10.666485	-164.23524	61.1441	7139.341618537903
21	499.32544	368.0322	941.17017	10.171754	1052.1931	19.566782	1072.1278	1006.0792	192.1	377.6	41999	162.8825	52.77312	280.6148	-110.44018	162.87868	52.79672	279.93573	-109.35279	1.4071481	2.6164005	28.027575	-11.252811	-165.51057	64.948135	7456.417866230011
22	808.7405	359.87137	1194.2098	292.15024	390.81842	212.89912	740.72766	150.47876	321.83334	246.7	43999	164.78688	52.495895	283.03308	-115.66852	164.78398	52.498913	278.06335	-97.33417	1.4147227	2.5691798	25.866087	-10.907107	-167.20613	64.76753	7765.462160587311
23	836.135	532.1007	1606.4158	153.1936	1094.0491	12.929157	1105.4664	1059.0083	329.33334	357.6	45999	167.31999	52.844826	282.8364	-121.24478	167.31865	52.838783	280.403	-101.22412	1.4316648	2.5871928	29.328186	-11.030384	-169.57349	61.22378	8079.565582036972
24	946.59247	314.89362	1548.9744	641.1743	791.8743	7.3663707	811.3666	784.3246	314.2857	253.6	47999	170.21844	53.65043	281.1597	-75.504654	170.2178	53.646454	278.64368	-68.546555	1.4750342	2.5691838	28.098547	-12.425999	-172.4186	61.500626	8391.159880399704
25	671.2967	56.158825	726.6464	550.5358	644.2524	5.874771	659.1601	636.56683	212.4	199.9	49999	172.60757	54.559948	270.5796	-93.24157	172.60693	54.56839	269.66302	-92.71008	1.3829015	2.4777107	35.104034	-11.43687	-174.76654	61.832047	8704.799849748611
26	626.918	38.56563	694.84534	559.5549	628.3988	1.9826363	631.28534	625.41235	198.5	206.2	51999	175.08746	55.678364	266.07886	-106.73567	175.08884	55.67574	263.36627	-90.01701	1.3833808	2.3551536	27.69764	-10.891176	-177.2597	58.425056	9021.39315366745
27	649.1318	102.564766	830.35315	472.7537	649.18335	9.125952	665.3371	632.5199	209.88889	215.9	53999	177.9431	56.57564	264.43033	-105.83134	177.94128	56.586277	268.0819	-118.46172	1.3266339	2.3425264	31.142872	-11.8909645	-180.08594	59.499218	9345.567166566849
28	626.55334	51.01172	710.48987	548.8584	231.57474	4.8481116	239.23975	224.13449	206.9	105.9	55999	180.9498	57.58475	274.31067	-99.15953	180.94958	57.599705	273.20618	-72.19315	1.4060158	2.3718698	28.878328	-11.57626	-183.20622	60.130264	9661.449356079102
29	617.2296	197.98227	927.7204	238.35316	511.4776	42.21933	583.2496	453.10687	205.0	174.7	57999	185.00874	58.65556	279.67563	-145.85928	185.00723	58.66957	277.8947	-94.02776	1.5390046	2.3914375	23.341246	-10.963929	-187.38004	62.036537	9983.933393001556
30	673.4719	186.36023	1045.7104	435.27527	298.9736	17.3785	329.7836	266.10843	224.77777	125.9	59999	188.22888	60.304848	287.0933	-103.83437	188.22884	60.30489	282.97144	-103.84506	1.5688435	2.4612017	26.483902	-11.779087	-190.58835	62.570866	10302.065175056458
31	526.54297	254.54205	983.4098	242.95518	460.3006	59.825054	530.21814	353.18054	193.33333	196.4	61999	191.8728	62.109474	292.27444	-96.02809	191.87076	62.11602	292.6312	-101.26043	1.5605106	2.4357219	30.157326	-12.630725	-194.08205	60.17091	10626.316577672958
32	560.77625	236.6001	987.91626	291.79785	434.86874	16.639677	462.62436	415.18066	216.2	173.2	63999	192.63428	63.57772	301.0083	-95.94686	192.63388	63.57184	298.53497	-90.329865	1.3694986	2.4127579	28.029705	-12.409815	-194.64206	61.823627	10953.079413890839
33	787.4751	296.87473	1259.4005	379.6443	451.80768	23.806864	497.36145	429.00775	264.125	201.2	65999	192.31367	64.58994	303.86395	-139.48709	192.31422	64.58132	303.30978	-127.802216	1.3167536	2.4103987	24.098043	-10.943897	-194.19923	56.95774	11290.752886533737
34	953.8523	418.93225	1346.0238	312.0751	1009.3926	28.894659	1043.5416	957.29974	318.83334	310.9	67999	192.91484	65.589775	309.19543	-107.60755	192.91531	65.59371	309.45364	-107.442474	1.3556197	2.4311914	27.314497	-10.287844	-194.7453	55.740047	11645.248251199722
35	1109.4636	456.38275	1871.8219	455.04816	986.2542	27.922726	1039.5643	948.3493	364.2	299.0	69999	194.11688	66.21143	308.67352	-105.26611	194.11728	66.20475	307.89307	-89.1651	1.3271605	2.4041624	22.969717	-12.142603	-195.86987	55.48383	12015.11221575737
36	709.44604	368.42377	1004.17163	22.535486	2238.688	653.8596	3185.8518	1329.4327	224.33333	708.2	71999	194.56218	66.95647	305.50284	-82.429955	194.56064	66.95527	306.3689	-101.65185	1.331285	2.3879511	24.233725	-10.818884	-196.29013	56.650963	12418.105622768402
37	1366.6171	343.32602	1899.5074	980.06366	1032.6061	8.56159	1045.0989	1021.2967	435.2	316.9	73999	195.55644	67.28481	307.01154	-120.601845	195.55704	67.29407	305.27884	-100.16169	1.3210275	2.377917	28.14279	-10.731002	-197.2364	56.089848	12837.61309504509
38	1592.0538	480.54437	2315.36	1052.0499	1111.2607	234.6882	1511.0441	731.8423	505.5	352.1	75999	197.38193	67.39143	306.2236	-105.873055	197.38293	67.397995	306.1001	-105.79588	1.2930852	2.4170475	24.852455	-11.013428	-199.02533	57.88297	13271.962187290192
39	1285.6116	484.0582	1799.3503	480.9463	1269.9174	27.776491	1328.1608	1223.7891	410.0	405.4	77999	198.92255	67.25811	307.92865	-148.57463	198.92194	67.27089	310.18958	-163.98091	1.3273085	2.416611	25.265684	-10.95935	-200.54834	57.79561	13715.887117624283
40	1854.7438	146.52586	2061.0198	1734.506	2395.0713	185.0181	2870.399	2242.2542	592.6667	775.8	79999	200.98553	67.51571	307.2454	-149.27948	200.98547	67.51524	311.13858	-181.68503	1.3529295	2.43327	37.026363	-10.947766	-202.59174	56.94365	14188.391972541809
41	1120.5961	502.873	1737.5697	308.72592	2500.6274	479.81274	2900.4968	1682.691	355.0	870.4	81999	202.52293	67.176544	306.3295	-102.21672	202.52235	67.19336	304.44705	-107.82555	1.3151405	2.4497879	37.16048	-16.060911	-204.0945	56.713406	14665.62584400177
42	1817.0233	1134.4978	3089.147	334.2597	2934.6113	53.214256	3029.2615	2871.4622	603.0	1000.0	83999	204.85666	66.9718	305.19717	-95.98448	204.85744	66.98	301.87848	-90.2721	1.3589474	2.420167	27.988522	-11.013836	-206.45973	53.951836	15154.532164812088
43	1076.549	521.8495	1744.7969	450.50272	1686.3961	315.30344	2408.952	1394.2896	334.66666	523.4	85999	206.26088	67.24299	301.59387	-131.21886	206.26042	67.25461	305.6509	-93.72541	1.3245974	2.3264933	32.622665	-9.96675	-207.81136	53.35227	15621.000329256058
44	1833.2084	818.3794	2988.2056	1191.6534	1851.2415	96.11981	2033.525	1722.2289	597.0	602.9	87999	207.59438	67.069756	298.12085	-117.47488	207.59396	67.07717	298.8513	-99.32844	1.3471799	2.2995756	27.656498	-13.716494	-209.1687	54.716488	16093.0447204113
45	2475.7593	136.36646	2612.1257	2339.3928	1417.6038	80.041664	1529.9904	1268.4845	811.5	444.8	89999	208.68047	66.67753	298.76282	-148.68652	208.67822	66.694084	299.3121	-89.031044	1.2356786	2.363026	32.8003	-10.96553	-210.16785	48.83426	16557.65000486374
46	1742.7567	865.2632	3116.6765	827.203	3160.5044	117.235954	3309.315	2839.8145	571.25	980.2	91999	209.71175	65.943596	296.38806	-206.93582	209.71248	65.95481	298.72314	-110.85251	1.221841	2.321572	44.521893	-9.875558	-211.11249	51.0713	17052.575902700424
47	3163.3433	69.69055	3233.034	3093.6528	3105.6682	7.8485985	3120.0261	3094.1465	1000.0	1000.0	93999	210.0125	65.62258	295.86746	-81.33779	210.0113	65.62512	296.32062	-93.807625	1.1880081	2.3149722	43.454323	-11.992571	-211.43762	50.02511	17556.740783691406
48	3067.1333	43.443237	3110.5767	3023.6902	1498.4005	69.894	1555.3866	1359.0763	1000.0	464.5	95999	211.28766	65.347984	299.54172	-112.867134	211.28677	65.36137	296.65112	-99.35164	1.1651058	2.3565392	45.78081	-10.361742	-212.62529	41.189186	18029.014767169952
49	2739.081	384.65662	3123.7375	2354.4243	2841.4128	381.2403	3198.2708	2076.795	855.5	894.2	97999	211.96078	65.17453	301.74985	-108.40805	211.96042	65.19279	301.9927	-118.21079	1.0441093	2.2858899	44.537838	-11.111101	-213.19604	50.884064	18525.90543961525
50	2009.174	1180.7435	3106.3147	281.97363	1919.3971	82.03723	2146.4836	1807.7305	653.75	592.5	99999	213.3735	64.70568	301.25	-208.72362	213.37257	64.714584	298.15024	-120.70127	1.0411233	2.273235	26.546885	-10.761534	-214.65294	45.405163	19008.97971391678
51	3090.9004	45.901733	3136.8022	3044.9988	1687.6234	324.7088	2302.8884	1187.0573	1000.0	580.1	101999	214.98637	64.86081	302.72742	-112.79949	214.98584	64.88035	304.10797	-87.63522	1.082221	2.3138092	28.481024	-13.471122	-216.25766	42.796936	19469.765603780746
52	2069.9773	927.18695	2997.1643	1142.7904	2533.6973	401.06454	3102.648	1893.2236	698.0	824.8	103999	216.4439	64.99571	303.58493	-155.93741	216.44182	65.01277	301.7195	-134.09482	1.0772417	2.2874436	50.442707	-11.850712	-217.72018	47.527702	19873.91499710083
53	2990.8784	35.49292	3026.3713	2955.3855	3015.4968	29.62457	3065.1484	2980.635	1000.0	1000.0	105999	217.73662	65.16104	304.38846	-101.63413	217.73695	65.17178	299.42972	-111.38113	1.0041591	2.2804425	55.079346	-13.845109	-218.90778	42.90002	20273.73114848137
54	3020.2698	60.61206	3080.8818	2959.6577	2983.9316	19.118397	3028.4136	2957.5056	1000.0	1000.0	107999	219.20638	65.22492	301.28763	-197.31186	219.20558	65.23778	301.13782	-97.73407	1.0331026	2.3359075	37.798725	-15.807183	-220.37912	45.755524	20673.31494832039
55	2340.418	921.0653	3001.3142	1037.8824	2957.239	19.787392	2994.4192	2929.215	775.0	1000.0	109999	220.8672	65.047714	300.61707	-118.7173	220.8665	65.062675	302.26016	-101.49328	1.0113953	2.3073251	49.747845	-11.0271225	-222.04088	45.809296	21074.279328107834
56	2995.5078	24.516235	3020.024	2970.9915	2562.2095	405.7257	3053.667	2007.9651	1000.0	830.6	111999	222.19986	65.21031	302.8761	-84.30797	222.1984	65.22584	301.6052	-106.91206	1.0429065	2.2948086	33.124012	-11.599838	-223.39166	40.37453	21468.255798101425
57	1700.0769	819.3395	3034.221	948.60846	2426.5063	811.4046	3055.474	1060.5887	539.25	794.7	113999	224.06894	65.40679	304.48734	-103.014534	224.06834	65.432495	303.54153	-123.66941	1.0633763	2.278462	35.44935	-10.855328	-225.21013	42.18837	21858.695230722427
58	2192.9473	88.82769	2273.8987	2069.281	3182.5542	26.413734	3204.939	3107.8982	686.0	1000.0	115999	225.76878	65.306725	307.92133	-120.848335	225.76813	65.31611	306.83234	-129.83836	0.9773822	2.2534742	33.46634	-13.221335	-226.85033	41.46507	22264.60024046898
59	3086.27	49.06555	3135.3357	3037.2046	3009.101	12.201519	3024.7908	2992.4028	1000.0	1000.0	117999	227.14796	65.31859	310.36996	-102.765945	227.1475	65.32121	307.01205	-85.90226	0.944869	2.2647183	32.063248	-11.049088	-228.28314	39.08636	22667.498002767563
60	2255.2908	578.57996	3059.728	1723.4858	2619.078	496.01117	3184.4148	1819.7797	729.3333	824.2	119999	228.1911	65.413055	309.27927	-97.340706	228.19092	65.417145	308.41034	-99.89674	0.89303607	2.2475858	76.10212	-10.183338	-229.217	42.56068	23050.795722961426
61	3128.6572	54.592896	3183.2502	3074.0645	2893.327	9.278234	2909.6426	2880.4043	977.5	1000.0	121999	229.6249	65.61336	309.5509	-98.847015	229.62422	65.638214	310.05713	-137.67612	0.90533507	2.2704024	70.91758	-10.091974	-230.64706	42.456955	23440.149839401245
62	3101.8945	18.93982	3120.8342	3082.9546	1128.1586	108.38164	1375.7649	992.6008	970.5	349.6	123999	231.01547	65.813835	310.3907	-95.62415	231.01448	65.826126	311.6565	-123.88156	0.908131	2.235013	30.940023	-10.023413	-232.09555	37.83789	23798.58613395691
63	2999.2583	97.74805	3097.0063	2901.5103	3014.9563	42.304737	3099.9553	2953.232	1000.0	1000.0	125999	232.05067	66.02864	312.96564	-93.21099	232.05052	66.04491	313.8143	-89.77404	0.85067403	2.253754	40.399033	-11.631281	-233.06068	40.144978	24090.15228652954
64	2033.6587	492.72504	2526.3838	1540.9337	1684.1406	626.9499	3245.6035	1197.0358	631.5	514.1	127999	233.11266	65.60133	315.93597	-142.87498	233.11252	65.61002	309.29352	-97.14535	0.8107231	2.1735601	26.814613	-9.806083	-234.06898	37.662212	24357.513245821
65	2556.536	768.34076	3134.1772	1470.6774	3037.2205	298.14383	3232.0608	2338.1794	832.0	935.7	129999	234.412	65.831894	314.14575	-124.12827	234.4124	65.83948	309.60587	-92.228935	0.83792853	2.2406301	38.12696	-12.012812	-235.42058	38.200546	24641.691862106323
66	1691.7595	658.42786	2408.7183	946.13696	1603.448	57.273693	1694.6075	1504.8969	519.5	496.2	131999	235.37254	65.99949	326.45435	-103.991035	235.3717	66.008766	311.7942	-102.40923	0.82706445	2.2261782	40.191616	-10.122634	-236.34665	42.222923	24908.93874979019
67	1780.4102	550.8225	2473.7063	1119.1318	2958.7915	273.2187	3188.3901	2524.8574	557.5	927.3	133999	236.22668	65.779915	320.97824	-152.12674	236.22644	65.79888	314.40695	-108.279274	0.7785787	2.1995828	24.976585	-10.386782	-237.14911	39.12662	25183.15993833542
68	2568.2134	496.22107	3064.4346	2071.9924	1102.1221	138.24876	1287.8972	888.2849	819.0	356.5	135999	236.64116	66.145386	317.8491	-99.18057	236.63986	66.15667	312.76404	-110.24082	0.8052339	2.2082303	35.001953	-12.263147	-237.5456	39.508423	25433.689130306244
69	2404.6492	583.084	3209.9658	1848.4357	2943.1938	492.1186	3314.7795	1901.9559	761.0	921.6	137999	237.35672	66.29103	315.58374	-118.86502	237.3573	66.29221	313.15878	-124.862404	0.7398328	2.1834104	49.113823	-10.555882	-238.26456	37.163082	25701.825295448303
70	2702.4614	431.42517	3133.8865	2271.0361	2304.1763	887.13385	3080.943	977.621	842.0	768.4	139999	238.54472	65.61285	314.36734	-110.83629	238.54498	65.63231	314.10675	-115.12332	0.79896164	2.1931698	47.532238	-10.663831	-239.49663	39.85174	25988.18686914444
71	2750.1482	349.9353	3100.0835	2400.213	2792.1294	428.22064	3162.314	1666.7401	865.5	900.9	141999	239.60863	65.83031	318.15262	-83.09205	239.6084	65.84286	314.79657	-83.63861	0.7913025	2.193689	39.341145	-11.151169	-240.46646	33.39835	26273.64787054062
72	3075.0986	12.673096	3087.7717	3062.4255	3150.756	9.673368	3163.6833	3130.0925	1000.0	1000.0	143999	240.35333	65.802704	317.26602	-101.52805	240.3528	65.80103	315.41098	-132.60834	0.75311565	2.1881766	27.647638	-12.318128	-241.22995	39.19453	26544.947387218475
73	3100.2805	80.46411	3180.7446	3019.8164	3154.7026	42.31009	3228.9514	3092.4744	1000.0	1000.0	145999	241.44527	65.421486	315.45355	-149.47455	241.44518	65.43811	315.43152	-88.95738	0.72984	2.1785269	40.975647	-10.298003	-242.31113	33.843517	26828.820143461227
74	3125.4473	6.234375	3131.6816	3119.213	2960.2144	56.898933	3106.03	2896.645	1000.0	1000.0	147999	242.49313	64.83347	317.99124	-113.564705	242.49312	64.846985	313.2029	-82.58933	0.7278966	2.206109	35.8619	-11.241193	-243.36057	40.44012	27117.86212205887
75	2028.5305	885.8458	3008.996	882.8342	2780.206	325.50052	3082.3677	2023.6311	660.25	935.7	149999	243.13876	64.59717	314.51016	-107.91605	243.13792	64.606964	314.68716	-91.73848	0.6986817	2.1981528	28.428793	-10.22037	-243.9655	35.01548	27404.143362760544
76	2100.5642	786.9731	3114.558	1196.2611	3003.7915	215.11116	3230.2808	2747.2258	658.6667	930.2	151999	243.53314	64.2909	313.63382	-92.46216	243.53348	64.303734	313.79846	-94.09607	0.6847114	2.1636183	30.90302	-11.05015	-244.33813	33.84429	27692.253136873245
77	3023.2983	164.9347	3188.2332	2858.3638	2412.2466	317.47174	3241.0115	2175.9443	945.0	746.5	153999	244.10925	64.21989	314.6029	-140.59424	244.10767	64.23114	312.32333	-148.17749	0.67812467	2.158669	30.501247	-10.582985	-244.94907	37.860992	27920.01875090599
78	2957.364	97.4729	3054.837	2859.891	2691.2917	406.43118	2871.9163	1473.5708	940.5	952.8	155999	245.05875	63.898365	313.64847	-118.60075	245.05934	63.908623	315.10135	-98.920944	0.67393214	2.2233286	47.8702	-11.223652	-245.87628	31.520576	28133.27015018463
79	2831.0513	305.51135	3136.5627	2525.54	3170.0562	10.397556	3185.4807	3152.921	879.5	1000.0	157999	245.28372	64.25709	312.18585	-98.77028	245.2827	64.269844	311.68213	-129.47272	0.6282744	2.2008839	29.19302	-10.579031	-246.04443	34.554726	28334.37097978592
80	2850.8118	212.80658	3131.1995	2615.9233	2967.61	375.3846	3341.3123	2217.004	887.0	902.8	159999	245.7505	64.494576	312.95316	-225.31778	245.7507	64.49969	313.92865	-125.55799	0.6568399	2.241696	35.90631	-11.433659	-246.54916	32.9578	28496.406579732895
81	2863.9287	393.2516	3257.1804	2470.6772	2378.9426	381.03854	3274.8691	1835.4292	876.0	717.3	161999	246.50444	64.14005	314.43637	-191.06824	246.50406	64.14371	312.46658	-152.3548	0.57301474	2.1744523	25.10051	-10.941841	-247.2516	29.480974	28657.32469558716
82	2983.4937	271.51953	3255.0132	2711.974	3082.7073	14.74143	3106.6582	3056.7336	904.0	1000.0	163999	246.81248	63.881905	313.46408	-134.28166	246.81184	63.890594	309.87195	-95.84552	0.60760194	2.196429	27.507471	-13.800615	-247.49146	32.69459	28822.668748617172
83	2843.345	339.55933	3182.9043	2503.7856	2906.4868	353.82062	3253.0378	2314.2869	885.0	900.6	165999	247.6196	63.651512	315.85208	-123.86019	247.61987	63.66127	313.0715	-134.15872	0.60065866	2.1741993	46.842876	-10.144522	-248.35237	33.552128	28988.070115566254
84	3165.688	31.234253	3196.9224	3134.4539	1438.2572	217.31691	1915.7997	1262.0244	1000.0	434.8	167999	248.2738	62.988586	311.86423	-100.19443	248.27324	62.99553	309.71832	-96.271255	0.5451799	2.1760912	40.219242	-10.904717	-248.94917	32.433952	29143.718769788742
85	2727.7952	493.44232	3237.573	2060.2043	3206.919	5.8152633	3215.9932	3197.8494	821.0	1000.0	169999	248.24524	63.490498	313.36893	-128.18181	248.24478	63.497536	308.73868	-196.21497	0.5156566	2.164009	32.67829	-10.501137	-248.91292	31.201347	29308.93378162384
86	2965.9746	232.55103	3198.5256	2733.4236	3160.2036	32.51552	3186.8713	3087.8667	908.5	1000.0	171999	248.63368	63.19365	313.61923	-88.4809	248.6329	63.199753	310.61322	-96.333305	0.5128095	2.1641357	29.55817	-11.042154	-249.26321	34.026207	29479.53103041649
87	3167.8865	76.64844	3244.535	3091.238	2307.1375	1010.0809	3143.3694	922.0956	1000.0	743.5	173999	248.81203	63.456596	315.50833	-132.74533	248.81192	63.464626	308.77435	-86.8077	0.5102364	2.1314893	25.95372	-10.202455	-249.49112	31.417551	29651.198873996735
88	3111.4893	20.857544	3132.347	3090.6318	2650.1375	775.18524	3203.8142	1335.011	1000.0	834.0	175999	249.27084	63.207706	310.20398	-65.559395	249.27087	63.21407	311.11972	-86.34236	0.49220368	2.1277742	33.96828	-10.946071	-249.92906	26.94466	29823.908631563187
89	3080.0176	2.8739016	3082.8916	3077.1438	3090.9773	3.7410026	3096.3105	3084.5894	1000.0	1000.0	177999	250.27902	62.63941	314.29367	-119.9709	250.27762	62.654846	311.20663	-102.9896	0.482745	2.1440275	37.516167	-14.3235855	-250.82506	32.402294	29997.193900108337
90	2257.5583	610.9734	3076.231	1608.9229	3177.6008	28.759745	3220.3154	3134.8345	700.0	1000.0	179999	250.76237	62.977577	312.43417	-79.506	250.76273	62.982456	309.8806	-131.08496	0.41878054	2.140352	30.284115	-11.335208	-251.34518	25.382431	30167.833372354507
91	1808.765	1198.4323	3217.7969	27.678558	3133.4114	7.495123	3143.0195	3118.87	553.0	1000.0	181999	251.21889	62.92281	315.56348	-170.02623	251.2173	62.93979	314.64276	-124.52891	0.44649953	2.1534557	30.178059	-12.0884	-251.82362	30.199022	30340.38480424881
92	3179.0664	7.126465	3186.1929	3171.94	3183.457	7.6631985	3192.2158	3171.1538	1000.0	1000.0	183999	251.90521	63.022797	313.79138	-90.22826	251.90443	63.031345	313.30045	-83.72334	0.44411394	2.1038795	43.06765	-10.485557	-252.53503	26.263102	30512.571356534958
93	3187.5688	131.99365	3319.5625	3055.5752	3207.0994	4.974745	3217.7852	3199.8352	1000.0	1000.0	185999	252.50809	63.029484	316.89053	-147.56947	252.50742	63.045273	316.03793	-115.06594	0.43642735	2.1425457	26.075392	-10.847186	-253.06969	33.911972	30686.429965257645
94	2741.1277	48.784668	2789.9124	2692.343	1428.3802	599.80994	3150.403	962.2359	821.0	441.4	187999	252.93723	63.325584	314.4279	-115.64982	252.93668	63.33552	314.51273	-84.32387	0.46366796	2.1797383	31.838438	-11.080553	-253.54893	25.329449	30845.541076421738
95	2518.5872	501.76077	3200.7026	2008.1637	3211.6455	2.227781	3215.1863	3207.6028	775.0	1000.0	189999	253.82079	63.466167	315.8575	-147.58333	253.82162	63.47523	312.9003	-100.91493	0.4670516	2.19246	31.691353	-10.134594	-254.36844	25.554043	31014.280463695526
96	3166.7866	15.617432	3182.404	3151.1692	3194.1826	3.714674	3198.4287	3187.7693	1000.0	1000.0	191999	254.5031	63.39044	315.5318	-131.28728	254.50146	63.40714	317.2632	-175.91858	0.3928132	2.1294856	40.00254	-12.22019	-255.09647	29.654919	31184.26526260376
97	3226.3552	20.404053	3246.7593	3205.9512	3149.4724	2.5843542	3155.481	3146.5686	1000.0	1000.0	193999	255.37584	63.27165	316.42426	-144.38127	255.37727	63.284294	314.89597	-119.88479	0.35033458	2.076339	34.777412	-11.385527	-255.952	27.451979	31355.39346051216
98	3219.9155	18.025269	3237.9407	3201.8901	3219.1401	11.3421	3236.8418	3199.7878	1000.0	1000.0	195999	256.15756	63.248997	321.32834	-94.11729	256.15662	63.25992	320.02957	-101.11205	0.34627742	2.0781546	29.746351	-10.231519	-256.68683	25.685295	31531.184809207916
99	3013.5405	142.24512	3155.7856	2871.2954	3213.9336	18.832024	3252.727	3187.2607	934.5	1000.0	197999	257.0066	62.904583	338.4764	-127.42123	257.0053	62.920193	317.5868	-166.47635	0.37239566	2.1043143	28.767538	-14.831417	-257.5446	30.832165	31708.716155529022
100	3190.0093	20.797485	3210.807	3169.212	3224.07	15.757621	3262.8047	3203.6963	1000.0	1000.0	199999	257.471	63.27058	321.15872	-142.42969	257.47098	63.283726	318.5266	-170.60635	0.4043954	2.1329534	31.425903	-10.871361	-258.01813	27.128637	31875.145839691162
101	2581.1958	610.3116	3191.5073	1970.8842	3223.6743	16.527418	3254.032	3191.324	796.5	1000.0	201999	258.38205	62.882484	319.157	-101.65012	258.38208	62.892414	320.7862	-136.73534	0.32374996	2.1026962	24.81007	-10.008249	-258.9685	31.750727	32038.438151597977
102	3231.3135	11.742065	3243.0557	3219.5715	900.8042	60.940178	1036.9911	822.64026	1000.0	300.0	203999	259.1146	62.88383	322.8774	-104.656715	259.1142	62.890495	319.77823	-140.35599	0.30029035	2.1258466	27.505497	-11.317301	-259.70676	23.149296	32191.3449819088
103	1892.811	921.9885	3140.7722	941.6623	3226.1792	9.805348	3241.232	3208.8052	594.6667	1000.0	205999	259.6634	63.155666	323.57358	-117.89241	259.66348	63.165882	318.92813	-200.40988	0.29821402	2.1225712	31.433613	-9.373996	-260.15976	27.874031	32362.69610762596
104	2993.204	441.10666	3331.5276	2370.153	3229.3982	7.594321	3240.1816	3211.9778	903.3333	1000.0	207999	260.2827	63.038403	321.54904	-101.66768	260.2805	63.057827	318.40182	-105.539406	0.29221016	2.09649	36.748783	-12.205162	-260.79266	24.516287	32538.49441599846
105	2786.3599	454.2522	3240.612	2332.1077	3254.4011	65.100204	3379.092	3129.6677	847.5	983.6	209999	260.67258	63.116047	323.24808	-197.45316	260.6739	63.10953	318.19373	-90.747604	0.3227628	2.1020565	34.271397	-11.202386	-261.1465	26.790855	32717.16216468811
106	2872.2263	378.93774	3251.164	2493.2886	3109.796	11.508385	3130.1663	3086.3484	875.0	1000.0	211999	261.064	63.340294	320.6773	-86.118866	261.063	63.353153	319.10898	-80.96293	0.35063207	2.1355965	47.993057	-11.951351	-261.62357	26.839417	32896.30182886124
107	3178.2915	1.581665	3179.8733	3176.71	3265.4932	5.604419	3272.0457	3256.2856	1000.0	1000.0	213999	261.84528	63.346256	320.8894	-109.844406	261.84512	63.35556	318.15906	-82.386665	0.31449527	2.0974522	37.05569	-11.605602	-262.36624	25.907879	33073.421929359436
108	2443.8926	1073.8274	3229.4126	925.5764	3239.6985	12.172924	3257.1816	3225.376	758.3333	1000.0	215999	262.7349	62.90356	321.05307	-67.13587	262.73337	62.91782	320.80237	-103.62339	0.29425597	2.1098652	44.214893	-12.895929	-263.2544	25.623789	33253.796080589294
109	2587.1218	580.8357	3204.035	1808.9645	2951.4116	395.72433	3382.7146	2033.8704	785.0	879.6	217999	263.32785	62.86211	330.58432	-149.01913	263.3277	62.871353	321.78766	-166.34511	0.32994157	2.133765	33.796158	-11.904458	-263.87012	26.00709	33431.792744636536
110	1880.4965	599.3302	2656.875	1197.8207	3179.3718	1.3148699	3181.1243	3176.7368	556.0	1000.0	219999	263.88593	62.895454	321.55463	-184.65053	263.88553	62.899536	320.4927	-72.51246	0.26004592	2.1161013	57.279167	-10.784412	-264.42294	21.493261	33610.51169228554
111	2399.6414	592.45435	3183.8591	1752.0819	3020.9802	4.305759	3025.689	3012.5796	725.6667	1000.0	221999	264.4203	63.054836	327.75946	-155.88861	264.41898	63.066277	323.7991	-89.70692	0.29766402	2.1043613	27.428207	-11.903668	-264.9072	27.440285	33786.16464757919
112	3235.002	14.284668	3249.2866	3220.7173	3164.8994	129.61661	3262.013	2810.8386	1000.0	973.5	223999	265.39432	62.68282	326.96024	-99.03679	265.3949	62.681675	320.14417	-108.20933	0.30682656	2.1114438	26.719528	-12.678559	-265.92075	21.300049	33957.174780130386
113	2628.5356	605.9544	3234.49	2022.5812	3054.623	484.7007	3227.758	1601.2174	802.5	949.9	225999	265.70004	63.223114	325.33582	-173.04137	265.7009	63.22037	322.17273	-101.22808	0.26609942	2.1256988	84.34818	-13.20256	-266.19974	26.135437	34125.935020923615
114	3215.6099	19.14795	3234.7578	3196.462	2277.9392	840.8104	3206.5054	1161.1409	1000.0	706.4	227999	266.09842	63.579792	326.1765	-165.25267	266.09747	63.58251	322.9734	-90.79693	0.3059826	2.158061	72.961136	-11.226416	-266.58676	30.073004	34288.883180618286
115	2949.5325	291.2251	3240.7576	2658.3074	3117.4539	27.651388	3179.4358	3086.6675	897.5	1000.0	229999	266.59503	63.844948	324.55765	-57.494976	266.59415	63.856613	323.72864	-66.71927	0.29742467	2.0858207	27.293934	-9.956447	-267.1263	26.159908	34459.45025110245
116	3021.4597	179.35622	3169.1213	2769.023	3178.521	4.301082	3185.827	3169.8496	947.6667	1000.0	231999	267.3423	63.181984	324.21982	-78.033226	267.3427	63.19488	323.2171	-82.93371	0.23697422	2.0811062	32.1691	-10.826916	-267.79935	22.231699	34624.243440151215
117	3011.8916	98.899536	3110.791	2912.992	3094.1765	235.67947	3366.5806	2642.053	895.5	933.0	233999	267.74493	63.25787	326.44016	-97.571144	267.74548	63.262733	328.28726	-113.314926	0.23678868	2.1089	30.771248	-16.002098	-268.22287	24.57766	34806.201686143875
118	3176.824	4.6384277	3181.4624	3172.1855	3216.1196	15.708553	3245.94	3194.2605	948.5	1000.0	235999	267.94894	63.414394	327.22424	-101.6951	267.9491	63.411312	328.5864	-96.86052	0.26847446	2.0928955	34.21204	-10.552936	-268.40237	24.78169	34981.32790470123
119	2440.1804	592.2527	3225.413	1795.1713	3232.933	14.816018	3261.3865	3207.995	743.0	1000.0	237999	268.50735	63.553234	328.30792	-70.321396	268.506	63.555794	323.27414	-145.26733	0.22946398	2.0687425	32.90943	-11.407516	-268.98538	21.888432	35163.88833284378
120	2882.44	335.1787	3217.6187	2547.2612	3117.1187	3.6240346	3124.4797	3113.0518	879.5	1000.0	239999	268.8365	63.41545	326.86118	-150.16724	268.83548	63.43603	324.85696	-112.34529	0.2580126	2.1019356	45.632244	-12.233901	-269.2957	23.958294	35340.61030578613
121	2242.4253	760.93854	3308.3677	1581.5238	3221.5562	4.629006	3231.0654	3212.2698	676.0	1000.0	241999	269.25693	63.51546	327.01865	-71.79812	269.2575	63.514225	325.45117	-122.92899	0.27290052	2.0878682	27.726307	-10.800772	-269.7465	25.730364	35515.240899562836
122	2388.995	264.28363	2656.513	2029.1956	3250.0322	8.213253	3262.7432	3238.261	710.3333	1000.0	243999	269.25424	63.956757	326.40372	-70.2634	269.2539	63.96513	324.38867	-81.98077	0.21109515	2.054506	26.980225	-10.223978	-269.7838	19.600542	35683.370212078094
123	2370.101	859.8297	3229.931	1510.2715	3212.046	6.367316	3218.3215	3196.1885	719.5	1000.0	245999	270.11115	63.5588	328.9643	-156.05667	270.1103	63.553257	326.3246	-94.412636	0.14925623	2.0765636	41.14357	-10.020168	-270.53894	20.814095	35850.81943106651
124	3170.75	8.406616	3179.1565	3162.3433	3195.141	11.741812	3221.138	3173.1414	1000.0	1000.0	247999	270.39737	63.849316	326.01355	-112.9695	270.3972	63.854317	324.75546	-81.193474	0.15936577	2.0546591	25.328342	-12.330572	-270.84998	19.482798	36020.453149318695
125	2830.3743	557.9702	3226.0369	2041.2864	3198.3188	3.2685719	3203.382	3192.1643	871.0	1000.0	249999	270.7136	63.574158	327.00278	-141.54097	270.71515	63.57405	325.3664	-170.01909	0.19661361	2.0912552	25.647676	-11.247397	-271.1578	25.505741	36189.78107523918
126	2028.2104	215.94926	2197.4565	1723.4331	3225.0015	7.381309	3237.0427	3212.998	600.0	1000.0	251999	271.34525	63.439926	330.36667	-174.15968	271.34436	63.45184	325.9478	-94.67778	0.20558444	2.085809	28.25798	-9.732869	-271.79083	24.308088	36360.58708739281
127	2466.1414	385.1106	2851.252	2081.0308	3204.656	5.9300213	3211.0327	3189.688	732.5	1000.0	253999	271.53217	63.37431	331.2597	-82.90178	271.53375	63.366447	331.3372	-90.97188	0.1425589	2.0817149	57.910812	-8.987125	-272.01263	26.47786	36529.805089235306
128	2714.5613	447.20798	3174.7256	2108.741	3218.311	12.725096	3242.9124	3201.5732	833.0	1000.0	255999	271.63358	63.56894	329.11423	-82.05284	271.6335	63.573868	327.07568	-123.67682	0.16765115	2.066755	62.57628	-9.72237	-272.07965	23.180626	36700.31732869148
129	2830.4429	188.65027	3019.0933	2641.7927	3179.177	12.37803	3199.93	3154.383	852.5	1000.0	257999	272.11328	63.116417	326.1863	-115.13975	272.11227	63.121902	325.85025	-149.55698	0.16058284	2.0908966	29.411736	-11.540375	-272.54285	23.958742	36871.1630923748
130	2463.135	547.6892	3204.2935	1897.7268	3181.3618	86.43003	3235.1458	2925.119	750.6667	987.7	259999	272.121	63.240925	325.97336	-62.703136	272.1217	63.249714	460.47293	-84.14738	0.14457512	2.0839515	29.807766	-10.373982	-272.5067	20.484644	37042.706399440765
131	2392.8025	958.0247	3350.8271	1434.7777	3217.8904	10.51044	3230.3772	3194.0088	709.0	1000.0	261999	272.11084	63.44944	331.50916	-90.28145	272.111	63.45723	330.83438	-116.47632	0.15895976	2.1009731	28.193928	-11.464569	-272.4914	25.027754	37215.52051734924
132	2666.2988	507.31757	3242.8909	2008.2557	3195.0383	74.61938	3236.3333	2977.032	803.6667	982.5	263999	272.51132	63.494835	332.99152	-109.612816	272.51123	63.50532	329.40277	-120.1329	0.17398582	2.1003282	34.761436	-11.277094	-272.8976	22.991508	37384.13811826706
133	2095.6738	868.689	3208.895	981.0321	3196.4058	32.69704	3242.4397	3152.7112	631.25	1000.0	265999	272.78943	63.423977	330.32605	-99.15893	272.78906	63.433266	332.26245	-99.38979	0.18259627	2.1262872	27.549723	-10.523743	-273.18155	25.64154	37551.659150123596
134	1782.7999	413.92722	2270.4336	1258.5127	3218.6316	9.445484	3237.9915	3199.216	533.6667	1000.0	267999	272.8065	63.838314	333.55484	-93.66594	272.80643	63.840706	329.38916	-127.07066	0.12011303	2.0697045	45.34365	-11.186487	-273.20334	18.9987	37719.60607624054
135	3271.4004	57.70642	3329.107	3213.694	3158.7886	25.886196	3193.2153	3119.8325	1000.0	1000.0	269999	273.10535	63.64081	335.99377	-121.0853	273.10535	63.645298	327.78433	-100.5384	0.13822193	2.0885508	32.35655	-12.080645	-273.48688	21.081842	37892.89021396637
136	3217.9849	27.454834	3245.4397	3190.53	3234.5476	13.70885	3260.9468	3216.8132	1000.0	1000.0	271999	273.53293	63.62894	329.18777	-120.81528	273.53265	63.640316	334.79175	-88.496346	0.15512092	2.1082554	58.85828	-12.441137	-273.95816	23.274958	38058.92506957054
137	3225.0532	16.167358	3241.2205	3208.8857	3119.42	15.410941	3130.4275	3079.7866	1000.0	1000.0	273999	273.84073	63.892723	333.3119	-145.92696	273.84094	63.898556	330.92706	-90.825874	0.24189992	2.1591375	62.24759	-11.089598	-274.26407	24.401382	38229.56705403328
138	3216.4487	59.38855	3275.8372	3157.06	3210.3916	18.337297	3244.7793	3183.246	1000.0	1000.0	275999	274.29556	63.47968	329.47757	-158.11867	274.29535	63.485077	330.1238	-98.54497	0.18856545	2.1112769	28.263153	-12.298706	-274.70493	21.618523	38399.25698876381
139	2737.0515	467.05847	3093.6663	2077.252	2906.7378	520.4359	3351.6953	2069.9856	816.3333	874.2	277999	274.5494	63.397583	332.93094	-59.854332	274.54913	63.407494	331.27176	-97.48081	0.15642527	2.0618234	26.196728	-9.553446	-274.9435	20.763292	38567.70433330536
140	2029.8563	266.79626	2296.6526	1763.06	3207.084	8.826441	3225.1362	3192.745	602.0	1000.0	279999	274.67603	63.490627	343.25824	-202.58188	274.6746	63.50528	331.54364	-215.1124	0.13537556	2.0817013	54.914536	-10.79368	-275.03284	25.156485	38733.762944459915
141	2527.4229	459.43655	3170.6475	2126.3157	3185.0967	17.09054	3213.7292	3158.848	773.6667	1000.0	281999	274.9336	63.617256	330.62415	-177.68074	274.93433	63.623974	331.44864	-156.39047	0.14322394	2.0743232	83.45947	-13.957217	-275.34656	19.554508	38906.20399093628
142	3238.1577	36.709717	3274.8674	3201.448	3283.7683	4.752708	3292.198	3275.757	1000.0	1000.0	283999	275.5757	63.196163	333.34732	-129.66255	275.57535	63.21493	332.1037	-126.99745	0.13381948	2.069749	34.374302	-10.0837965	-275.9512	22.531284	39076.70394825935
143	3173.0479	52.202515	3225.2505	3120.8455	2708.3503	571.45764	3297.501	2015.0312	968.5	815.7	285999	275.5055	63.790756	336.4003	-100.87749	275.50482	63.794617	330.6308	-108.02709	0.12267989	2.0895877	46.564526	-10.178221	-275.904	20.733187	39241.17643785477
144	2567.9534	500.7276	3259.0073	2088.54	3084.064	243.6449	3298.957	2565.3916	766.0	940.6	287999	276.2913	63.04918	330.96548	-132.42346	276.29105	63.057884	329.97922	-221.14944	0.089143425	2.0619688	44.445766	-13.0948305	-276.642	17.76333	39410.99404001236
145	1679.4186	644.8582	2590.2822	1185.1422	3243.9653	6.105578	3255.2812	3234.3096	499.66666	1000.0	289999	276.40335	63.119675	333.8436	-91.63243	276.40366	63.12639	331.60638	-207.9076	0.115427054	2.0752754	55.65662	-10.0187	-276.74365	22.426456	39585.41706562042
146	3285.9028	71.26892	3357.1719	3214.634	3227.7146	4.0531173	3234.7107	3221.6233	1000.0	1000.0	291999	276.66037	62.954945	335.35367	-183.45316	276.66165	62.947178	329.6727	-109.12817	0.06530433	2.0825613	26.486256	-10.150824	-277.03537	22.04557	39754.53033185005
147	3185.422	14.477539	3199.8997	3170.9446	3230.5103	13.289516	3252.5693	3210.5498	1000.0	1000.0	293999	276.69897	63.045444	340.3862	-77.79042	276.6985	63.059753	331.45184	-154.72647	0.13424683	2.0989861	43.89029	-11.797396	-277.0802	20.164375	39926.449450969696
148	2621.125	939.1161	3305.4028	1293.2216	3201.7083	1.6016908	3204.3135	3199.4443	798.0	1000.0	295999	276.77664	63.55961	343.2155	-140.75963	276.77747	63.563076	331.67236	-131.61212	0.124597736	2.1075451	37.474747	-12.536127	-277.1208	21.599506	40095.57647752762
149	2824.48	468.77136	3293.2515	2355.7087	3194.4612	2.0931087	3199.2585	3191.466	852.0	1000.0	297999	277.50977	62.7634	333.3893	-101.62946	277.5088	62.769	333.06543	-89.44453	0.049382064	2.0580263	65.79123	-11.153388	-277.8364	17.965925	40266.452875614166
150	3236.4697	12.951782	3249.4216	3223.518	3166.9954	0.9796539	3169.1042	3165.3958	1000.0	1000.0	299999	277.30188	63.260674	331.87424	-104.275696	277.301	63.27037	331.37366	-107.87468	0.038819432	2.0427606	27.512627	-9.500572	-277.638	16.702892	40441.744311094284
151	3314.5488	80.443726	3394.9927	3234.1052	3236.522	9.000443	3248.5127	3216.2417	1000.0	1000.0	301999	277.5222	63.17431	332.41824	-141.35243	277.5225	63.180546	546.5959	-130.40111	0.025691194	2.0011325	37.60938	-10.257222	-277.83838	20.641226	40612.727892160416
152	3238.2815	4.19751	3242.479	3234.084	3220.9365	2.867165	3225.8135	3216.0835	1000.0	1000.0	303999	277.8297	63.03297	334.31436	-105.40497	277.82867	63.043594	333.56088	-95.9433	0.05243629	2.0516596	52.42372	-11.573364	-278.18472	19.804882	40782.28137969971
153	3237.3657	0.16247563	3237.5283	3237.2034	3258.9612	138.5414	3395.1724	2923.1204	1000.0	974.5	305999	278.17047	62.946304	339.50558	-78.494385	278.17093	62.945457	333.55682	-100.09759	0.05293608	2.0126445	31.414028	-10.495402	-278.5109	18.050793	40949.58137202263
154	3011.5808	207.35986	3218.9407	2804.221	3155.6133	188.04575	3278.301	2655.047	916.0	961.9	307999	278.81473	62.591656	333.64398	-88.350426	278.81525	62.59151	335.5379	-94.17877	0.06402986	2.0584052	42.646664	-10.840841	-279.1223	20.401392	41119.491935014725
155	2788.834	350.28668	3275.6758	2466.104	3186.19	9.42127	3204.894	3175.6416	848.0	1000.0	309999	278.9663	62.58294	339.4762	-172.74423	278.96655	62.592567	335.66904	-81.22553	0.05544456	2.048464	25.91796	-10.006783	-279.33295	21.711184	41291.45376253128
156	3229.163	19.757202	3248.9202	3209.4058	3284.6196	1.5759866	3287.9104	3282.2947	1000.0	1000.0	311999	279.0623	62.831253	334.44846	-223.70099	279.06262	62.8257	334.41232	-144.69275	0.04920984	2.0655277	31.726048	-12.207282	-279.43195	20.412159	41462.813068151474
157	3333.892	55.591187	3389.4832	3278.3008	3286.8645	3.229572	3293.1206	3281.889	995.0	1000.0	313999	279.7185	62.532627	334.4317	-189.08684	279.7184	62.536766	333.76877	-114.253746	0.035089854	2.0590162	25.100962	-9.936102	-280.02603	20.274723	41631.33291339874
158	2258.531	961.8323	3220.3633	1296.6987	3238.2593	16.662308	3263.678	3202.8704	695.5	1000.0	315999	279.9351	62.412952	334.93533	-99.51628	279.93555	62.4151	336.65347	-148.86522	0.07120778	2.0274508	33.35598	-9.460669	-280.27832	21.355873	41799.540394067764
159	2893.8792	501.40616	3256.628	2184.8477	3176.3489	2.9850335	3180.7854	3171.9456	879.3333	1000.0	317999	280.32944	61.804924	336.6829	-84.289085	280.3295	61.80988	336.97028	-137.28398	0.05309813	2.0692701	28.906982	-11.287969	-280.62924	18.455181	41970.48647451401
160	3236.0405	32.74353	3268.7842	3203.297	3250.9272	5.708644	3259.9177	3241.9563	1000.0	1000.0	319999	280.4301	62.39803	335.57843	-104.945015	280.42877	62.412422	335.4926	-185.721	0.050498795	2.022343	32.743145	-10.295544	-280.72882	18.073164	42139.74326276779
161	3251.731	6.260742	3257.9917	3245.4702	3278.2942	10.023524	3294.7678	3265.6492	1000.0	1000.0	321999	280.94382	62.214615	336.125	-72.15021	280.94342	62.219395	337.33508	-105.12439	0.039487798	2.0341535	29.002361	-10.257301	-281.29007	19.39639	42313.4305331707
162	3218.0635	2.3154297	3220.379	3215.748	3177.3433	1.8491197	3180.4546	3173.1624	1000.0	1000.0	323999	281.695	61.68934	335.44342	-157.5323	281.69598	61.69104	359.8306	-100.16858	0.06298801	2.041154	28.080599	-10.174177	-281.99796	17.86705	42482.103524684906
163	3201.2769	38.56079	3239.8376	3162.716	2014.82	235.62086	2526.052	1660.3021	1000.0	587.5	325999	281.66776	62.385674	342.3423	-88.70738	281.66864	62.39166	336.27707	-122.05173	0.05506291	2.0468607	27.116987	-10.582046	-281.98532	20.220152	42645.90742301941
164	3274.3545	29.221558	3303.576	3245.1328	3247.6294	6.868041	3261.34	3237.3625	1000.0	1000.0	327999	282.03384	62.015133	336.9706	-71.81932	282.0338	62.02818	334.93967	-114.65595	-0.010874677	2.013062	33.93727	-10.803255	-282.37357	17.656157	42815.593403577805
165	2493.7566	353.527	2967.0894	2117.6663	3237.1956	9.969483	3257.62	3220.5447	742.6667	1000.0	329999	282.29932	61.924934	337.55936	-89.505264	282.29886	61.925148	338.86752	-116.35151	-0.02657805	2.054297	48.474503	-10.559216	-282.6602	20.593157	42983.775044202805
166	3190.7173	25.054077	3215.7715	3165.6633	3194.9136	4.350576	3200.7693	3188.1306	1000.0	1000.0	331999	282.74078	61.778	340.4274	-84.543625	282.7404	61.77835	337.05533	-67.86114	-0.011210787	2.0247803	36.90089	-10.130933	-283.0722	18.542322	43152.867122888565
167	3238.6155	43.277832	3281.8933	3195.3376	3236.8208	1.4027965	3239.7908	3234.7703	1000.0	1000.0	333999	282.9984	61.741386	336.36246	-80.19438	282.99817	61.747585	336.08173	-84.27587	-0.044428583	2.022083	43.699677	-10.554561	-283.29855	18.519545	43326.03911113739
168	3213.3406	5.2055664	3218.5461	3208.135	3198.8306	2.408443	3202.3948	3194.8694	1000.0	1000.0	335999	283.3081	61.667274	335.95486	-82.508766	283.3085	61.680515	334.97632	-136.73604	-0.029220749	2.0326638	30.735981	-9.935821	-283.6057	19.48673	43496.61899089813
169	2965.9546	322.47205	3288.4268	2643.4827	3262.7166	2.0478256	3266.904	3260.3438	890.0	1000.0	337999	283.6917	61.467323	337.18616	-72.068504	283.69183	61.472	336.77795	-101.43562	-0.026040262	2.0362756	28.3304	-10.47831	-284.0047	20.768782	43666.9058573246
170	2206.81	940.9222	3147.7322	1265.8878	3176.7893	1.4489338	3179.14	3174.5085	662.5	1000.0	339999	284.20193	61.2645	337.24368	-88.64664	284.20264	61.2638	337.7188	-89.07309	-0.083181866	2.0073106	45.82429	-11.798347	-284.52335	16.50013	43840.207005023956
171	2946.8694	474.31662	3299.193	2276.3743	3287.336	1.0310082	3289.3596	3286.0615	890.3333	1000.0	341999	283.9998	61.833458	337.28854	-99.55278	283.99982	61.835102	336.81195	-132.20695	-0.025763221	2.0231557	25.026642	-11.032034	-284.32724	17.62947	44009.15846610069
172	3290.9263	7.4228516	3298.349	3283.5034	3309.177	3.5607884	3315.036	3304.3113	1000.0	1000.0	343999	284.44275	61.445835	339.71445	-103.53303	284.44345	61.443108	338.1727	-107.5504	7.217712e-06	2.0402997	39.05382	-10.34058	-284.7425	20.501804	44178.9221599102
173	2148.3372	1109.5204	3257.8574	1038.8168	3023.271	1.6375551	3025.5789	3021.208	670.5	1000.0	345999	284.8879	61.068127	343.04666	-143.8119	284.88763	61.073906	343.42776	-79.48722	-0.032975774	2.0051842	26.546978	-15.337155	-285.1948	22.182398	44346.89461636543
174	3255.543	14.7751465	3270.318	3240.7678	3330.7383	37.211575	3425.942	3297.0203	1000.0	999.4	347999	284.86633	61.304096	358.7796	-121.439415	284.86612	61.30878	343.86914	-159.8571	-0.026656045	1.9948771	45.27129	-12.7526	-285.15604	16.816856	44518.205805540085
175	3160.34	173.86234	3293.8142	2914.7717	3229.9346	17.442247	3251.3306	3192.7961	964.3333	1000.0	349999	285.09647	61.09733	342.6603	-206.88023	285.09695	61.098686	343.562	-245.19446	-0.034854636	1.9690397	24.242462	-10.366731	-285.37225	17.781551	44691.9331638813
176	3239.1035	11.57605	3250.6797	3227.5276	3181.6228	2.6114082	3187.1123	3177.636	1000.0	1000.0	351999	285.29837	61.353382	350.34625	-87.091095	285.29767	61.361557	342.37732	-119.635765	-0.009228668	2.0147183	42.195152	-11.952391	-285.5675	18.348148	44870.86220431328
177	3112.355	136.61389	3248.969	2975.7412	3201.6396	1.7526278	3204.6887	3198.3362	957.0	1000.0	353999	285.6872	61.261467	343.2572	-74.2726	285.68665	61.267483	349.4133	-103.56707	-0.022876775	1.9898053	26.529308	-12.292593	-285.95438	16.02835	45043.00048136711
178	3278.728	2.1574707	3280.8855	3276.5706	3299.5083	2.4613335	3303.169	3294.7285	1000.0	1000.0	355999	286.00543	60.881798	353.14767	-138.24991	286.005	60.895565	343.6175	-69.53147	-0.012291732	1.995496	27.579212	-10.604991	-286.27325	20.02419	45213.36899423599
179	2594.9265	748.4237	3343.35	1846.5028	3279.588	5.9561214	3291.4153	3270.3345	789.0	1000.0	357999	286.0268	61.41727	344.72638	-76.47355	286.026	61.429058	344.21024	-119.48674	-0.0008879078	2.0151477	23.569103	-9.482744	-286.3265	20.764965	45383.06237220764
180	3276.8948	0.8535156	3277.7483	3276.0413	3245.326	1.6575121	3248.7195	3242.598	1000.0	1000.0	359999	286.4236	61.213367	342.01184	-113.29555	286.42395	61.22086	342.3991	-118.78212	-0.022656832	1.9819778	45.32878	-11.326517	-286.7025	17.19498	45553.753932237625
181	3254.85	4.1309814	3258.9812	3250.7192	3224.5786	0.93372977	3225.8948	3223.125	1000.0	1000.0	361999	286.66193	61.09546	342.47852	-91.59403	286.66226	61.096634	343.02313	-78.99782	-0.025619866	2.0209224	21.448225	-10.555792	-286.97717	21.125711	45723.67228651047
182	3288.3284	14.681641	3303.01	3273.6467	3246.3892	1.5230244	3249.0505	3244.257	1000.0	1000.0	363999	286.97614	61.157604	346.61792	-74.62396	286.97552	61.16977	343.74106	-185.31148	-0.033945594	2.0131881	24.965069	-11.406399	-287.27695	21.036282	45895.344594717026
183	3253.29	4.4102783	3257.7004	3248.88	3342.5835	2.5802991	3344.9126	3335.6877	1000.0	1000.0	365999	287.55566	60.890045	344.7809	-94.17604	287.5559	60.891457	344.08054	-101.98645	-0.08971795	2.0322711	27.619812	-12.046421	-287.85327	17.850563	46064.87706756592
184	3312.2554	20.597656	3332.853	3291.6577	3312.601	11.047791	3329.063	3298.2854	1000.0	1000.0	367999	287.53677	61.23321	347.49976	-109.0775	287.53696	61.235542	344.85498	-92.10768	-0.073329926	2.0365174	29.227749	-10.166592	-287.83517	16.996595	46236.25901198387
185	3310.537	18.94165	3329.4788	3291.5955	3346.1558	1.2806866	3348.0735	3344.408	1000.0	1000.0	369999	287.93457	60.98059	346.11346	-78.78425	287.9344	60.97916	345.70578	-88.812836	-0.015285878	2.0485506	84.092896	-12.333576	-288.23068	17.562527	46411.35705304146
186	3288.4348	34.875	3323.3098	3253.5598	3207.2847	1.345666	3209.9263	3204.5195	1000.0	1000.0	371999	288.64172	60.822292	347.20435	-96.320496	288.64105	60.834225	346.16116	-113.60383	-0.059645344	2.032371	31.344706	-12.167663	-288.91583	19.078718	46580.91902923584
187	3285.2415	27.687988	3312.9294	3257.5535	3367.4956	2.3096402	3371.8254	3364.3435	1000.0	1000.0	373999	289.28284	60.267334	346.8197	-108.66911	289.2836	60.264027	346.67145	-88.40525	-0.07065354	2.000418	30.961227	-12.138412	-289.5719	12.834429	46754.86201310158
188	3310.6885	11.660767	3322.349	3299.0276	3263.1953	1.4991301	3265.5474	3260.3196	1000.0	1000.0	375999	289.6115	60.393303	347.08707	-102.71878	289.612	60.399082	346.2058	-80.341675	-0.089044675	2.0060802	26.731396	-10.084356	-289.8922	17.703188	46928.71126174927
189	3346.1504	9.3967285	3355.547	3336.7537	3226.7983	3.6804998	3232.9539	3220.4233	1000.0	1000.0	377999	289.7335	60.60461	347.59625	-98.77276	289.73355	60.607258	346.0751	-109.908485	-0.07531024	2.0083704	53.80696	-11.436404	-290.03442	18.011156	47101.139138937
190	3322.1062	14.307129	3336.4133	3307.799	3268.395	1.5729771	3271.106	3265.5737	1000.0	1000.0	379999	290.262	60.499306	347.57773	-99.46561	290.26135	60.506516	349.42676	-113.62476	-0.127006	2.0022733	23.296064	-11.98673	-290.5372	22.579844	47275.68512368202
191	3312.4043	22.65332	3335.0576	3289.751	3328.2703	3.0644727	3333.026	3324.1877	1000.0	1000.0	381999	290.4924	60.673508	351.79678	-108.30715	290.4926	60.680004	351.86777	-125.73103	-0.08471462	2.012889	69.271835	-9.794008	-290.78497	16.54942	47452.64299917221
192	3301.5076	21.65503	3323.1626	3279.8525	3321.2551	2.0723386	3324.2312	3317.4993	1000.0	1000.0	383999	291.00595	59.92223	352.10294	-100.18593	291.00497	59.93607	352.7676	-90.09829	-0.08833957	1.968267	24.449217	-12.286547	-291.2726	16.215631	47631.71681213379
193	3302.5273	12.505981	3315.0332	3290.0212	3345.952	2.7501526	3351.33	3342.3188	1000.0	1000.0	385999	291.00443	60.598244	364.20114	-143.78993	291.00308	60.605526	353.23474	-128.12137	-0.040928114	2.0182698	25.593155	-9.720869	-291.32074	21.793327	47807.96519231796
194	3313.787	6.84021	3320.6274	3306.947	3196.7485	3.0274694	3201.003	3191.7502	1000.0	1000.0	387999	291.42175	60.487392	373.08185	-137.42075	291.42133	60.506226	374.3582	-140.53143	-0.063859835	1.9962474	30.034382	-10.098262	-291.68076	19.926407	47982.374185323715
195	3298.711	21.72876	3320.4397	3276.9822	3306.1555	5.161161	3314.7026	3297.1807	1000.0	1000.0	389999	291.97107	60.356373	351.3521	-89.40004	291.97113	60.35842	351.31256	-88.45708	-0.10026379	2.0014956	26.51784	-11.345973	-292.25507	17.616636	48156.87226366997
196	3304.0674	5.4780273	3309.5454	3298.5894	3352.317	2.4269397	3355.8396	3347.3643	1000.0	1000.0	391999	292.2169	60.637802	352.4669	-77.72617	292.2172	60.636707	352.2062	-74.94935	-0.1439556	1.9913988	23.2623	-10.683792	-292.47635	15.734859	48324.38570165634
197	3306.0	0.3721924	3306.3723	3305.628	3371.1406	2.1991136	3374.4033	3367.7922	1000.0	1000.0	393999	292.7159	60.358116	352.6793	-86.559784	292.7155	60.369564	351.7319	-83.50108	-0.103374034	2.0011737	48.63893	-9.81757	-292.977	20.370653	48488.88333773613
198	3307.3577	35.280518	3342.6382	3272.0771	3305.8892	2.2498817	3310.6406	3301.116	1000.0	1000.0	395999	292.88174	60.72561	361.93433	-90.16124	292.87997	60.732986	352.6675	-123.38381	-0.07052578	2.0003383	32.252895	-10.875954	-293.17075	18.86966	48653.84732341766
199	3322.6987	41.730957	3364.4297	3280.9678	3336.4968	3.7271388	3342.7366	3330.649	1000.0	1000.0	397999	293.54578	60.614704	353.7538	-134.51462	293.54773	60.62205	354.24393	-87.23011	-0.055351514	2.030126	23.76761	-9.778454	-293.8835	19.327223	48822.08310985565
200	3320.1887	18.865234	3339.054	3301.3235	3414.266	3.1459417	3420.1965	3410.7312	1000.0	1000.0	399999	294.07675	60.413345	355.65857	-132.80597	294.07623	60.42407	353.13306	-241.29752	-0.06052206	2.064408	54.17286	-10.02091	-294.34338	20.837679	48982.303233623505
201	3356.4902	9.501709	3365.992	3346.9885	3287.552	0.9841248	3289.3113	3286.0857	1000.0	1000.0	401999	294.63348	59.99157	353.0148	-222.07253	294.63232	59.998283	353.602	-108.08287	-0.10030989	2.0109837	42.47312	-10.675511	-294.86548	14.777851	49145.8499352932
202	3313.9644	19.981934	3333.9463	3293.9824	3400.6711	2.1568742	3403.696	3396.7087	1000.0	1000.0	403999	294.51187	60.51425	353.76022	-83.72031	294.51285	60.51117	352.8516	-99.794106	-0.07786784	2.020244	25.185379	-11.132671	-294.78806	17.034992	49309.140114068985
203	3357.2307	6.177246	3363.408	3351.0535	3424.1719	1.3176156	3426.9639	3422.761	1000.0	1000.0	405999	294.7947	60.12589	355.0074	-140.54082	294.79492	60.13908	353.30023	-85.574486	-0.042925913	2.0320535	21.32122	-10.234803	-295.0669	21.318687	49476.68406200409
204	3315.3284	0.23754883	3315.566	3315.0908	3393.816	1.8479905	3397.6077	3391.5208	1000.0	1000.0	407999	295.05045	59.740128	354.17673	-124.806885	295.05084	59.74303	354.7142	-90.89768	-0.07073169	2.0336027	26.079443	-11.2163105	-295.3135	18.354609	49641.39013004303
205	3343.3945	16.797852	3360.1924	3326.5967	3226.9673	10.194882	3240.011	3207.0916	1000.0	1000.0	409999	295.4055	59.86441	354.814	-81.573425	295.40445	59.883865	354.37622	-110.85506	-0.05247004	2.0593364	28.630142	-11.288638	-295.6948	21.8389	49811.840220451355
206	3347.5872	5.611328	3353.1985	3341.9758	3377.3804	0.957	3378.4387	3375.7432	1000.0	1000.0	411999	295.5909	59.91537	353.84088	-117.38672	295.5919	59.91475	355.2544	-186.15338	-0.055230327	2.0611608	32.49388	-11.304541	-295.86685	19.153105	49988.95371890068
207	2551.8992	740.61786	3292.517	1811.2814	3373.6821	1.5639833	3376.3079	3371.6814	785.5	1000.0	413999	295.8207	59.529842	353.63748	-93.693695	295.82092	59.53375	352.7471	-120.54717	-0.08492674	1.9699693	20.929665	-11.751976	-296.07477	17.729704	50167.059886455536
208	3389.377	10.518188	3399.895	3378.8586	3301.121	1.8825904	3304.2024	3297.8867	1000.0	1000.0	415999	296.28857	59.28418	354.5514	-134.26193	296.2878	59.289204	354.81393	-99.30132	-0.0697637	2.0149648	40.179745	-10.214154	-296.5493	19.471912	50342.371618270874
209	3367.7139	14.01709	3381.731	3353.6968	3454.0574	4.120013	3458.5889	3446.4395	1000.0	1000.0	417999	296.54465	59.516922	355.12488	-103.79479	296.5454	59.513405	355.70847	-96.60796	-0.096066475	2.0425615	103.19372	-10.38093	-296.82538	22.407051	50516.96600866318
210	3421.6162	1.8577881	3423.474	3419.7585	3323.4897	2.0070677	3326.1877	3319.333	1000.0	1000.0	419999	296.59732	59.212128	356.40543	-142.26201	296.5983	59.20148	355.18256	-70.44415	-0.0684314	2.0351706	22.293646	-11.377255	-296.8566	16.284296	50693.65459895134
211	3413.3467	18.801636	3432.1482	3394.545	3353.9817	2.500204	3358.2346	3348.407	1000.0	1000.0	421999	296.83887	59.551853	355.09076	-91.034615	296.83783	59.559273	355.35043	-119.10366	-0.102543294	2.0094426	36.62382	-11.55872	-297.06387	13.507322	50870.058057785034
212	3381.7974	11.513062	3393.3103	3370.2842	3495.442	2.0735996	3499.184	3491.4036	1000.0	1000.0	423999	297.1704	59.611588	356.15604	-100.986244	297.17053	59.61507	354.90448	-175.24403	-0.10868318	2.014553	34.501194	-13.125627	-297.43	14.319938	51044.56243848801
213	3364.8542	0.99902344	3365.8533	3363.8552	3360.19	5.663733	3367.1907	3349.2505	1000.0	1000.0	425999	297.3427	59.576286	354.79922	-108.55683	297.34235	59.580296	355.33823	-144.09445	-0.055800922	2.106088	50.36132	-11.006135	-297.5827	22.583038	51223.57859301567
214	3362.6196	40.735962	3403.3557	3321.8838	3390.6958	1.8865532	3392.9543	3386.5488	1000.0	1000.0	427999	297.49454	59.617413	356.114	-95.25935	297.49475	59.62393	355.45584	-130.81406	-0.055039536	2.036139	28.720734	-12.409145	-297.74115	19.948448	51401.76067376137
215	3405.954	18.104492	3424.0586	3387.8496	3376.9153	5.092957	3387.0415	3370.6914	1000.0	1000.0	429999	297.83072	59.670612	357.59293	-96.161476	297.83057	59.669773	357.6547	-126.541176	-0.06278869	2.0259008	35.79649	-13.202972	-298.07056	13.852005	51579.099531412125
216	3430.9922	24.563599	3455.5557	3406.4285	3382.1172	2.7270572	3386.7046	3377.6628	1000.0	1000.0	431999	298.03885	59.717987	359.3952	-95.13488	298.03864	59.726116	358.6622	-90.36466	-0.044812184	2.0533319	40.327374	-9.74203	-298.28387	19.447187	51746.039747714996
217	3388.626	9.873169	3398.4993	3378.753	3398.8223	2.1072268	3403.3396	3396.0	1000.0	1000.0	433999	298.34964	59.887455	376.97305	-97.95376	298.34897	59.89409	360.16312	-117.64974	-0.09379734	2.0339391	67.38613	-13.434034	-298.61588	15.620106	51912.817700624466
218	3398.4473	5.8790283	3404.3262	3392.568	3468.5894	3.5210464	3476.194	3462.6545	1000.0	1000.0	435999	298.83997	59.09969	360.9307	-65.528114	298.83963	59.103104	358.68283	-130.76349	-0.17530596	1.9925865	103.99162	-10.238903	-299.09482	13.993187	52075.19594144821
219	3453.649	5.20459	3458.8535	3448.4443	3366.6235	5.39112	3373.941	3355.9814	1000.0	1000.0	437999	299.08813	59.621227	360.78076	-82.100525	299.08902	59.6243	359.85425	-74.42692	-0.1340396	1.9980761	24.978706	-10.55682	-299.3347	17.365368	52238.044713020325
220	2754.1853	937.7893	3418.8188	1427.9519	3397.6343	2.9896321	3402.6016	3391.3389	806.3333	1000.0	439999	299.1836	59.6011	357.20248	-86.613625	299.1828	59.610035	357.47122	-106.90932	-0.08523009	1.9934143	29.949419	-10.15662	-299.41547	16.206413	52404.0301296711
221	3385.8691	32.64856	3418.5176	3353.2205	3407.048	2.150641	3410.183	3403.1436	1000.0	1000.0	441999	299.59573	59.234055	357.722	-84.28979	299.59473	59.238003	356.9376	-75.85341	-0.109954275	1.9912275	30.563683	-11.101798	-299.8617	13.259259	52569.893209695816
222	3386.19	8.127319	3394.3174	3378.0627	3391.9976	1.6584412	3394.5444	3389.613	1000.0	1000.0	443999	299.85483	58.992558	358.37643	-169.84312	299.8557	58.988625	400.29834	-96.266655	-0.14945935	1.9852539	20.009287	-11.176653	-300.09225	19.736324	52733.76747298241
223	3385.3835	32.690186	3418.0737	3352.6934	3361.3843	2.7982864	3364.7747	3355.2173	1000.0	1000.0	445999	300.1657	58.908115	358.86826	-154.02368	300.16513	58.913464	361.12964	-89.44004	-0.13214722	2.014246	26.243044	-12.632298	-300.45355	14.10924	52899.636152505875
224	3396.6357	14.65271	3411.2883	3381.983	3374.8892	3.0104294	3380.3096	3370.5676	1000.0	1000.0	447999	300.471	58.87021	361.78204	-92.09792	300.47195	58.868633	360.06445	-103.927055	-0.12223562	2.0247717	64.535324	-11.272974	-300.70578	17.270517	53073.93976044655
225	3372.1802	8.685791	3380.866	3363.4944	3140.033	6.6156306	3153.9731	3128.8406	1000.0	1000.0	449999	300.6733	58.86349	361.73978	-98.60971	300.67242	58.87082	361.12775	-129.21504	-0.1283518	2.0340033	24.558205	-11.642448	-300.9376	24.829992	53349.00314092636
226	3408.2427	15.144409	3423.3872	3393.0984	3462.821	2.0160697	3466.838	3459.3213	1000.0	1000.0	451999	301.06476	58.98713	361.82867	-92.770386	301.06403	58.998337	363.69507	-122.60399	-0.113610655	2.0238793	33.342285	-9.4797945	-301.3147	18.072353	53761.10660457611
