Epoch	AverageEpRet	StdEpRet	MaxEpRet	MinEpRet	AverageTestEpRet	StdTestEpRet	MaxTestEpRet	MinTestEpRet	EpLen	TestEpLen	TotalEnvInteracts	AverageQ1Vals	StdQ1Vals	MaxQ1Vals	MinQ1Vals	AverageQ2Vals	StdQ2Vals	MaxQ2Vals	MinQ2Vals	LossPi	LossQ	Time
1	-71.69655	134.7462	7.780765	-420.28485	223.34521	6.575782	233.15077	210.93727	180.125	1000.0	1999	-0.7269284	1.164492	5.5543284	-7.550979	-0.72594464	1.1647774	5.509294	-7.707742	0.28591773	0.23376553	181.76889634132385
2	-129.66776	156.86461	-2.2153728	-377.95853	826.54706	103.69448	963.50854	560.8909	342.14285	1000.0	3999	-0.11524566	2.13146	11.910582	-13.068673	-0.11515684	2.1328475	12.288822	-13.365148	-1.0723491	0.3454848	425.2224118709564
3	-27.387928	68.69812	23.696712	-318.2022	698.27405	284.7261	956.5062	-14.113969	102.38095	903.3	5999	2.2941575	3.10929	19.821522	-13.418201	2.293625	3.1117647	20.976486	-13.148192	-4.1922636	0.87462765	668.7858035564423
4	-48.08329	80.5515	5.426978	-288.77454	135.26003	297.76337	640.3308	-140.03952	166.54546	428.0	7999	5.803468	4.195454	29.090765	-17.886389	5.802748	4.1944714	30.660719	-17.835346	-8.491047	1.6703207	861.4005408287048
5	-65.17748	109.5665	4.6060243	-328.91138	-99.40189	143.4346	-3.2208567	-512.3711	213.28572	142.2	9999	9.842476	4.9535084	39.57446	-12.0360155	9.843402	4.952299	38.400524	-12.752792	-13.1572485	2.5268698	1026.4343225955963
6	-88.38504	171.91968	3.0004575	-571.0524	737.59766	115.00364	879.428	511.51218	269.33334	1000.0	11999	12.710617	5.4943156	42.661335	-11.123991	12.711948	5.501369	41.09747	-9.9936695	-15.466484	3.7247217	1268.0432114601135
7	204.494	185.91347	456.7222	14.103764	313.5404	349.56128	766.0348	-3.1340818	673.0	566.9	13999	13.603313	6.0613756	43.815937	-13.625313	13.604459	6.067962	43.78534	-15.211583	-15.995703	3.4733603	1473.6212437152863
8	53.465855	33.375065	78.69184	-24.576616	77.39318	91.95898	262.2606	-40.3019	276.42856	574.1	15999	14.239799	6.7468553	45.977123	-16.149933	14.239468	6.751495	46.786194	-16.703413	-16.50931	4.3660526	1676.1508145332336
9	163.51677	70.24619	247.5082	75.57683	66.40443	81.67751	256.99048	-53.994816	740.3333	340.0	17999	14.45189	6.982246	47.43786	-17.190592	14.451298	6.9845786	48.718616	-19.06241	-16.628609	4.057951	1855.726645708084
10	61.703075	62.805668	156.13751	3.8589501	193.7733	238.53712	709.46326	39.635635	226.4	328.5	19999	14.666383	7.298554	48.32216	-19.352743	14.66719	7.3031273	49.260944	-20.021955	-16.773272	4.047044	2039.577657699585
11	268.3574	250.03784	597.13855	20.731735	350.92484	283.47592	730.4783	19.714022	534.4	574.1	21999	14.851244	7.5171127	48.114056	-17.14561	14.851692	7.5176115	48.17149	-18.458311	-16.911	3.8393865	2241.9706835746765
12	191.52228	237.28406	590.60913	-2.5796185	356.2784	297.60352	851.5178	-1.0050735	373.33334	572.5	23999	15.19031	7.625623	46.370003	-15.652062	15.190582	7.62788	47.150368	-15.00033	-17.193539	3.3876832	2448.4701385498047
13	95.0588	75.45066	256.27487	11.103985	378.74362	179.27646	593.0128	30.440754	181.5	776.5	25999	15.87326	7.8289523	45.71085	-14.644024	15.873737	7.831684	44.82124	-14.439903	-17.77098	3.7244346	2678.08496427536
14	614.9232	85.72235	700.64557	529.20087	396.98038	269.7525	689.5141	22.53141	1000.0	615.3	27999	16.551596	7.8434024	43.67022	-21.953344	16.55178	7.845599	44.174442	-18.671124	-18.379898	3.413729	2898.105130672455
15	246.77441	239.45853	636.0768	31.612204	418.97705	269.60452	717.2747	-18.425629	388.0	757.4	29999	17.111925	7.9594293	45.052868	-16.701904	17.111988	7.9612947	44.37826	-17.711208	-18.869766	3.424568	3129.588888168335
16	234.61696	156.7996	446.29626	50.197475	345.46234	270.2974	789.2814	4.747622	448.5	615.4	31999	17.714052	8.241967	46.88877	-16.650146	17.714642	8.242547	47.29885	-18.996332	-19.470882	3.5123863	3348.7888793945312
17	617.6565	41.24466	658.9012	576.41187	319.96173	302.00653	769.9333	12.237262	1000.0	460.2	33999	18.180744	8.380757	45.856087	-16.923937	18.180796	8.3822975	45.400356	-16.861824	-19.890207	3.251344	3569.486771583557
18	323.65652	227.39777	681.7674	87.006004	286.526	274.5533	865.1682	15.80328	708.5	540.2	35999	18.693686	8.498595	46.011196	-15.868827	18.694433	8.499392	45.408417	-17.079779	-20.369608	3.151137	3791.441505432129
19	225.74977	242.30711	567.77606	36.49899	244.13545	249.23999	822.5714	7.036288	402.66666	388.0	37999	19.167597	8.722084	46.43366	-11.798739	19.167517	8.721457	46.024086	-16.829096	-20.790152	3.2525938	4006.68048620224
20	347.8755	290.6432	795.87354	25.622885	317.22684	252.7226	713.52185	20.446869	470.83334	535.8	39999	19.680134	8.898172	45.906624	-13.863178	19.679928	8.900011	46.866104	-14.649279	-21.29049	3.362648	4228.23033952713
21	458.91193	1.9356079	460.84753	456.97632	678.6295	88.85343	805.1319	548.3749	909.0	1000.0	41999	20.224218	9.069865	45.304005	-16.50715	20.22458	9.07004	47.044807	-17.408459	-21.775522	3.5876884	4497.598096132278
22	367.80377	284.51898	652.32275	83.28479	487.06268	246.14244	827.3447	17.400887	612.5	771.8	43999	20.542736	9.145408	45.965088	-16.18391	20.542503	9.147475	45.637783	-16.603065	-22.082304	3.480028	4751.27423453331
23	373.0179	194.8419	573.3706	51.96938	424.0502	319.72473	829.84937	11.236396	625.75	621.0	45999	20.590029	9.451414	45.82609	-15.599548	20.589718	9.452358	47.11871	-16.333935	-22.078695	3.5210996	4992.666581392288
24	487.6705	178.83583	647.4737	238.00261	448.22427	284.3849	778.34064	23.746632	778.0	661.4	47999	20.6359	9.804505	47.003963	-15.504913	20.635868	9.8032675	47.106903	-16.624985	-22.167906	3.5212235	5236.445020198822
25	334.55148	294.12347	747.91595	87.74103	245.27866	230.14676	564.84015	-94.98469	426.33334	570.1	49999	20.900597	10.001529	48.10342	-14.432772	20.90039	10.002668	47.54297	-16.653568	-22.404196	3.6740196	5466.836248874664
26	394.43546	43.3314	452.85126	349.19284	298.3215	267.53915	776.1362	20.196808	641.6667	624.8	51999	21.305237	10.122799	49.334755	-34.99037	21.304903	10.122903	50.24726	-35.007854	-22.86191	3.7075598	5695.453745365143
27	579.89764	96.0124	706.6739	474.39767	479.50665	134.9092	657.3131	141.31653	833.0	912.5	53999	21.69912	10.281977	53.8516	-16.277557	21.699202	10.283588	52.70636	-17.689978	-23.244707	3.7370627	5962.654357671738
28	776.08875	9.946533	786.0353	766.1422	416.39264	306.61313	893.67334	19.586254	1000.0	578.7	55999	22.230587	10.439273	53.343266	-17.374712	22.230722	10.439247	51.734985	-19.741928	-23.718863	3.8210654	6188.2579345703125
29	490.26904	219.55556	762.624	164.3497	437.01773	284.27707	847.5675	59.29056	554.75	734.7	57999	22.79476	10.613441	51.11219	-22.894487	22.795715	10.61285	52.0206	-20.770418	-24.29657	3.8331854	6413.356865167618
30	518.07056	226.90251	744.9731	291.16806	759.79926	282.21667	1118.8967	260.35773	1000.0	835.7	59999	23.478624	10.715391	53.508083	-20.473814	23.478094	10.715602	51.227802	-22.569891	-24.98102	3.830625	6655.017277002335
31	270.5637	143.1644	478.26843	91.635414	645.75696	281.8368	1113.6461	252.63802	274.7143	919.6	61999	24.30956	10.801692	53.51447	-27.84747	24.309128	10.802202	53.02124	-27.537592	-25.810043	4.012293	6904.702052593231
32	628.4726	238.64452	867.1171	389.8281	898.52344	210.81131	1238.7694	560.5373	862.0	907.1	63999	24.970478	11.093601	53.4381	-26.539429	24.970776	11.094306	53.535847	-32.552486	-26.441961	4.2136574	7142.916320800781
33	726.2484	45.810547	772.05896	680.43787	884.1293	216.46004	1088.7073	297.22183	1000.0	1000.0	65999	25.542837	11.355849	55.855057	-19.19424	25.542858	11.357277	55.630085	-23.098392	-27.077486	4.1198797	7407.059911966324
34	993.04517	97.17569	1090.2208	895.86945	915.9481	229.50873	1256.8604	609.58154	1000.0	852.5	67999	26.288515	11.651534	58.1332	-21.246609	26.288458	11.652385	56.37694	-18.55022	-27.838652	4.2683434	7648.418980360031
35	633.1131	123.437645	730.3546	458.94016	529.64075	354.32568	1090.462	89.04354	803.3333	633.0	69999	26.959785	11.963119	57.497196	-19.203657	26.959862	11.96485	56.701305	-20.586498	-28.565142	4.300566	7883.175014972687
36	574.4367	315.68127	955.6574	182.61728	786.9276	310.77124	1222.1569	223.98096	555.6667	784.9	71999	27.85642	12.256734	59.265755	-21.076244	27.856232	12.258305	58.64992	-23.987741	-29.382421	4.603907	8139.202520608902
37	680.005	152.53375	832.53876	527.47125	545.53577	260.87122	922.71857	41.74499	1000.0	753.2	73999	28.479105	12.647636	60.905647	-22.755465	28.47959	12.649103	61.580193	-22.444855	-30.02804	4.5380964	8400.72579050064
38	612.3108	332.64563	964.7258	166.22845	774.1577	272.12292	1106.6996	137.73544	717.0	912.2	75999	29.248312	12.909752	62.36034	-16.340202	29.24836	12.911266	61.296005	-16.723398	-30.784285	4.5693626	8670.928489685059
39	796.76447	19.776672	816.54114	776.9878	706.95886	347.0774	1059.2194	23.816982	852.0	809.6	77999	30.057964	13.252255	62.66902	-18.423752	30.057938	13.253257	61.43138	-17.686337	-31.562113	4.64358	8915.587155342102
40	842.25354	87.82971	930.08325	754.4238	1030.9988	319.02213	1438.1128	506.3455	905.0	893.1	79999	30.894238	13.453048	62.78698	-21.347225	30.89409	13.455459	63.446976	-17.346214	-32.41674	4.670235	9184.939939975739
41	594.3088	43.674683	637.98346	550.6341	720.6754	497.2689	1372.2977	55.577965	1000.0	664.0	81999	31.421167	13.766532	64.39103	-18.082493	31.422094	13.766658	65.04167	-28.490858	-33.009083	4.7266874	9433.401379585266
42	610.1453	305.76852	1007.65466	263.9752	974.47473	292.8602	1341.7837	307.3291	738.6667	894.2	83999	31.95548	14.165557	65.05885	-16.037477	31.955372	14.1666355	65.631874	-18.236797	-33.40095	4.6621494	9689.481405735016
43	918.78125	19.721893	938.5032	899.0594	647.36804	400.7369	1374.4429	156.12975	1000.0	640.7	85999	32.604744	14.566143	70.11776	-23.887285	32.605354	14.565885	68.234886	-16.706749	-34.062645	4.8042593	9907.546698331833
44	662.1827	295.84573	879.89825	243.91095	634.45306	415.83432	1344.9105	26.564346	732.6667	655.9	87999	33.239433	14.925782	68.785706	-18.365322	33.239506	14.926336	68.75979	-18.338366	-34.773117	4.8553815	10159.622101783752
45	930.0458	152.77026	1082.816	777.2755	802.04425	353.2281	1189.7394	50.163853	1000.0	787.2	89999	33.800842	15.3456	70.21147	-20.147835	33.800854	15.347482	71.32581	-21.50523	-35.305428	4.9595623	10425.161492586136
46	1230.7866	184.60895	1415.3955	1046.1776	754.19025	318.50018	1317.2694	183.07019	1000.0	728.8	91999	34.599983	15.755394	72.373215	-17.569647	34.59987	15.756699	70.59828	-19.79271	-36.087154	5.0640073	10679.148645401001
47	785.1773	456.77255	1345.8501	226.9987	810.8239	469.53644	1480.217	-25.888254	719.3333	790.3	93999	35.421535	16.190304	72.36206	-18.510235	35.42099	16.192492	73.27706	-22.07137	-36.8959	5.072064	10931.106007099152
48	741.73303	114.60635	856.33936	627.12665	941.66736	452.16974	1599.992	53.443336	710.5	722.2	95999	36.180714	16.572521	73.78911	-18.71799	36.18131	16.57224	74.13593	-19.671898	-37.69975	5.338593	11184.508455753326
49	478.17398	567.34863	1500.849	25.475363	1372.1617	247.43465	1560.4136	722.21	424.2	925.9	97999	37.011806	17.035364	75.43122	-22.119312	37.011883	17.033955	74.53442	-28.61724	-38.492702	5.651902	11461.135183095932
50	976.0552	291.97037	1304.4016	595.06055	1011.4528	431.65314	1513.9333	16.185863	856.6667	902.0	99999	37.677162	17.512844	76.98182	-21.676268	37.67699	17.51533	75.64275	-26.202187	-39.11343	5.6645265	11735.997641324997
51	1367.9614	30.16571	1398.1271	1337.7957	1022.4879	313.47452	1588.2369	406.96387	1000.0	899.0	101999	38.604042	18.107334	77.55767	-30.115158	38.60316	18.10922	76.524796	-30.803892	-40.1057	5.820738	12006.279478311539
52	689.1374	311.25427	1071.6519	309.25128	798.48865	423.2107	1608.4226	110.41959	655.3333	919.8	103999	39.559105	18.53192	80.12743	-27.436375	39.558537	18.534105	78.62703	-30.91396	-41.092342	6.047158	12283.369465589523
53	912.9363	238.04773	1150.984	674.88855	1231.974	270.448	1517.4954	801.2168	1000.0	1000.0	105999	40.304432	18.93315	80.07911	-26.130009	40.30403	18.93414	78.988976	-27.245071	-41.82879	6.1376305	12567.165328025818
54	1383.8303	83.21765	1467.048	1300.6127	880.7339	534.33563	1519.3242	-510.07993	1000.0	1000.0	107999	41.211082	19.394785	82.69404	-24.891527	41.210655	19.397333	81.159386	-23.08545	-42.657356	6.0287733	12850.937300920486
55	817.2199	595.5252	1436.2059	13.138556	1125.6444	523.2848	1762.405	24.998701	671.0	819.4	109999	42.15261	19.773474	81.38907	-23.263317	42.15164	19.773817	82.04621	-23.117609	-43.7632	6.220874	13119.969812631607
56	1306.7899	296.9391	1603.729	1009.8508	805.30115	404.3297	1338.595	-115.238625	1000.0	918.1	111999	42.855915	20.25064	82.46491	-19.581432	42.855534	20.251486	84.31169	-21.216007	-44.422867	6.3344393	13393.774590730667
57	912.5509	20.074799	932.62573	892.47614	794.0118	579.475	1702.009	81.71203	798.5	719.6	113999	43.662155	20.735271	84.3419	-21.41811	43.66186	20.737738	84.43035	-23.91579	-45.218647	6.405666	13652.266521453857
58	516.74585	360.47586	1026.1954	245.89209	1052.3044	408.18307	1814.5767	369.626	717.6667	937.6	115999	44.209755	21.365072	85.529724	-21.940285	44.20928	21.365442	85.63339	-18.419567	-45.814663	6.6995263	13925.67455816269
59	1042.2377	301.26236	1343.5	740.9753	1136.7463	489.71365	1669.6227	145.55836	1000.0	847.2	117999	44.752045	21.867188	86.76097	-21.177061	44.75106	21.868021	86.39227	-21.550694	-46.358723	6.6556683	14194.782758951187
60	721.5007	198.6181	928.88934	453.7448	902.6001	481.23154	1676.9977	95.558205	755.6667	780.2	119999	45.261524	22.35035	88.201126	-25.782743	45.260063	22.354633	88.20163	-23.08446	-46.99431	6.864437	14435.201801300049
61	440.84286	335.6241	1007.9105	101.38967	755.3837	426.2268	1569.9763	112.29771	392.6	700.8	121999	45.93591	22.840456	91.142586	-20.857601	45.93567	22.84114	88.53251	-23.877792	-47.605637	6.9183674	14659.406546115875
62	348.31152	278.03055	684.0765	51.244793	1431.0056	326.21802	1655.6544	687.81384	360.75	1000.0	123999	46.336254	23.353283	90.645905	-19.674774	46.3348	23.355316	89.11914	-24.209833	-47.98804	7.2409925	14902.184909820557
63	531.0991	132.26335	709.9497	336.5363	947.54266	324.67288	1438.1888	554.45734	641.75	891.4	125999	46.59873	23.808681	92.162155	-24.512148	46.598503	23.81188	90.5959	-44.424362	-48.31736	7.3979306	15145.784903526306
64	809.2567	25.861664	835.1184	783.3951	1562.7903	310.13235	1846.9652	859.6527	1000.0	933.9	127999	46.97075	24.122396	92.481476	-35.053104	46.970203	24.123703	91.35988	-26.809479	-48.627975	7.3082247	15385.267307519913
65	1332.5322	304.98865	1637.5209	1027.5436	1157.9075	472.41623	1818.1969	591.127	1000.0	788.9	129999	47.535255	24.63042	94.10293	-29.562208	47.53397	24.633348	93.23164	-22.852943	-49.17099	7.2366176	15614.978861093521
66	1155.9432	361.49588	1517.4391	794.4473	1159.658	562.42883	1850.8433	198.40111	1000.0	810.1	131999	48.15057	25.221289	94.021126	-41.237774	48.150517	25.223122	99.507	-21.407967	-49.73536	7.3128753	15850.308683156967
67	1700.5762	34.409668	1734.9858	1666.1665	1089.576	519.8701	1735.5813	17.744654	1000.0	829.9	133999	48.785355	25.814686	97.74214	-15.897893	48.784515	25.814856	94.59372	-30.418734	-50.336117	7.284668	16084.397940158844
68	795.02466	483.1117	1374.515	191.84912	1287.8867	472.1486	1718.7451	261.27838	677.6667	830.9	135999	49.61366	26.384352	96.57602	-38.400795	49.61339	26.386501	95.90945	-31.257446	-51.299976	7.6414704	16317.122784137726
69	1303.4498	343.93472	1647.3845	959.5151	1428.0618	398.3148	1844.4666	716.1824	1000.0	1000.0	137999	50.045513	26.949364	96.56727	-22.239143	50.045265	26.95144	97.66064	-26.28603	-51.623566	7.6641827	16567.294687271118
70	1442.5806	51.478638	1494.0592	1391.1019	1185.4231	631.18555	1906.2137	141.6422	904.5	773.0	139999	50.760815	27.643148	97.853836	-24.036623	50.760384	27.64723	98.509415	-21.674677	-52.39015	7.778594	16798.819504737854
71	1099.1582	576.606	1597.8726	291.075	1714.0017	131.48436	1790.2034	1327.0509	727.0	1000.0	141999	51.33997	28.262054	100.54296	-48.46358	51.33858	28.26589	99.801315	-26.123747	-52.86339	7.9422255	17050.86944794655
72	1675.4769	12.4765625	1687.9535	1663.0004	1526.3464	358.55844	1879.0848	978.42847	1000.0	953.2	143999	51.88101	28.906202	100.17554	-26.849264	51.880104	28.909212	100.4375	-44.72623	-53.55464	8.140565	17301.710816144943
73	877.5222	703.0231	1827.1849	147.80319	965.88104	386.30527	1776.7896	136.75911	699.6667	908.4	145999	52.38965	29.635118	102.28875	-28.081106	52.389404	29.63732	100.53517	-28.088163	-54.14851	8.277273	17549.381027698517
74	1086.4292	719.61017	1806.0393	366.819	1484.5459	505.55295	1920.0145	670.3585	600.0	909.4	147999	52.867516	30.26659	102.9169	-36.05101	52.8679	30.267859	102.99407	-34.531685	-54.51264	8.27697	17793.017178297043
75	1412.54	601.0185	1883.0934	564.263	1528.41	465.18842	2001.7062	539.7123	772.0	888.5	149999	53.445755	30.878607	105.39614	-28.543728	53.444965	30.880623	104.8379	-31.701015	-55.11847	8.774463	18032.005031824112
76	1304.4941	496.4387	1800.9329	808.0555	1168.8807	543.24634	1851.9077	336.27356	1000.0	792.7	151999	54.08257	31.398478	105.23691	-31.24316	54.082756	31.399347	106.72783	-30.1245	-55.90407	8.8565035	18262.32133793831
77	1097.3281	769.6693	1866.9974	327.65878	1285.5918	364.22287	1943.4554	674.2425	1000.0	897.3	153999	54.3526	32.31092	106.93169	-24.890234	54.3527	32.31397	107.97854	-28.696926	-56.108124	9.105043	18505.69792342186
78	582.693	206.44383	770.5171	247.58653	1379.5764	559.25476	1987.0413	614.58325	460.0	879.6	155999	54.46948	33.120296	108.87891	-38.654774	54.46925	33.121567	109.87485	-57.94549	-56.15133	9.321735	18748.21346592903
79	1080.2915	540.5307	1806.605	510.7086	1597.1744	489.2329	1974.8798	501.8474	760.6667	985.6	157999	54.92423	33.96848	108.28094	-29.539045	54.923885	33.970795	109.21783	-30.57424	-56.584164	9.669885	18997.99011039734
80	1812.908	6.4417725	1819.3497	1806.4662	1585.987	499.9597	1988.4487	657.7691	1000.0	838.1	159999	55.146793	34.838993	109.84761	-56.48161	55.147476	34.8383	109.31899	-42.26055	-56.94952	9.74894	19236.734416484833
81	1755.639	26.437988	1782.077	1729.201	1549.3997	631.9055	2064.469	95.577545	1000.0	976.8	161999	55.66003	35.82238	110.8166	-36.390797	55.660686	35.82316	111.14023	-37.090588	-57.616367	9.977541	19483.56635904312
82	1390.4967	625.85333	1930.9752	513.2561	1497.035	498.71158	1942.0743	296.06247	757.6667	916.8	163999	56.339806	36.618126	111.59438	-32.814262	56.340046	36.619415	113.97638	-37.16465	-58.2519	10.229033	19728.416268110275
83	727.57263	7.917816	735.4905	719.65485	1494.8008	536.36896	2031.9243	613.181	715.0	974.1	165999	57.21029	37.149982	116.83286	-34.94275	57.209805	37.150932	113.92043	-42.677223	-58.977398	10.318914	19976.15732383728
84	908.88385	524.1697	1616.1411	362.97647	1611.1354	445.0086	2051.7065	918.57825	728.0	898.9	167999	57.78867	37.594254	115.48215	-35.66787	57.78937	37.59542	116.48283	-34.18153	-59.565765	10.281712	20220.379742383957
85	984.63794	775.0973	1942.4227	44.06389	1863.9153	594.32715	2192.059	92.075226	520.0	904.8	169999	58.61947	38.12365	114.82991	-90.32712	58.619686	38.12469	116.02544	-35.927895	-60.32438	10.467164	20463.146752357483
86	1952.0422	62.971375	2015.0137	1889.0709	1972.9791	217.17123	2113.8257	1333.1228	1000.0	969.0	171999	59.57282	38.591217	118.24007	-32.531315	59.57283	38.5927	119.01759	-35.331116	-61.31611	10.652996	20715.082997322083
87	1420.665	92.887634	1513.5527	1327.7775	1333.1166	704.79504	2053.406	84.73442	1000.0	759.8	173999	60.174	39.192295	117.80571	-25.712418	60.17375	39.193882	116.748474	-62.8927	-62.07216	10.473363	20944.246498584747
88	1840.3058	85.21423	1925.52	1755.0916	2034.9387	43.42559	2100.5142	1945.8629	1000.0	1000.0	175999	61.03063	39.78729	118.16972	-34.595917	61.030605	39.787006	117.76568	-30.82588	-62.755733	11.168395	21194.86500096321
89	2022.2463	81.776794	2104.0232	1940.4696	1542.1842	697.05414	2057.6863	146.9753	1000.0	789.4	177999	62.08914	40.406364	118.63235	-33.271004	62.088795	40.408916	120.881424	-35.16263	-64.01528	10.996947	21425.208303928375
90	1907.9215	5.178833	1913.1003	1902.7427	1958.1031	48.10796	2029.641	1863.0037	1000.0	1000.0	179999	62.80711	40.90444	120.06777	-36.075024	62.80666	40.905838	119.56074	-36.920456	-64.65097	11.328692	21672.05890107155
91	1560.6233	420.0954	1980.7186	1140.5278	1478.1095	759.2155	2021.4382	16.096136	1000.0	906.2	181999	63.4842	41.50599	123.8312	-35.6158	63.482964	41.508694	120.88422	-39.443	-65.344765	10.955195	21914.410898923874
92	1716.8584	227.02814	1943.8865	1489.8302	2043.0404	31.116423	2089.4797	1996.4094	1000.0	1000.0	183999	64.16264	42.176826	124.17245	-38.71209	64.16226	42.181343	124.19215	-36.460796	-66.00978	11.446281	22163.304911136627
93	1803.7223	242.64323	2024.677	1465.8733	2006.3981	449.01147	2209.9236	662.1347	930.0	1000.0	185999	65.0335	42.7538	126.63685	-37.66538	65.03131	42.7586	125.85532	-40.49935	-66.96828	11.721987	22414.551322460175
94	2070.0054	32.19214	2102.1975	2037.8132	1982.3258	225.51605	2198.779	1324.3505	1000.0	963.4	187999	65.95033	43.325687	126.44206	-41.00169	65.94834	43.33123	124.48213	-34.61251	-67.66066	11.9386215	22662.420902729034
95	1975.504	37.945557	2013.4496	1937.5585	2056.6843	41.427605	2107.815	1973.3652	1000.0	1000.0	189999	66.42298	44.328815	127.98653	-40.12325	66.42143	44.330387	126.38005	-64.85202	-68.24444	12.067828	22914.491489887238
96	1293.0828	833.564	2126.6467	459.51874	2019.791	191.31464	2165.8748	1494.0636	615.5	1000.0	191999	66.96397	45.31162	128.2449	-47.473732	66.96184	45.315823	128.43497	-71.7392	-69.08725	12.443842	23163.715475797653
97	1433.2671	841.17017	2043.3245	243.80446	1717.6731	738.11	2240.6028	-95.892654	704.3333	994.9	193999	66.79144	46.884247	130.3669	-51.78679	66.79194	46.886414	128.06728	-46.50136	-69.09086	12.6451235	23416.058717489243
98	1551.2584	626.9884	2084.2354	671.0735	2057.3933	96.617096	2188.169	1832.9758	787.6667	988.2	195999	67.43767	47.877422	132.78593	-59.744392	67.4372	47.879414	129.52272	-40.47048	-70.02742	13.099787	23658.4240026474
99	1252.8158	853.72253	2065.8157	46.16269	1942.1536	467.37094	2264.4504	611.8128	612.75	910.4	197999	68.62944	48.148636	131.22852	-57.66559	68.62862	48.150223	130.01543	-42.69881	-70.66951	12.815967	23902.0632686615
100	2007.9927	12.167725	2020.1604	1995.825	1973.4932	410.60175	2333.8333	1067.0264	1000.0	961.8	199999	69.60399	48.66563	132.5407	-39.807854	69.60439	48.667152	131.81065	-39.02566	-71.57817	12.4402895	24150.312078237534
101	1634.9309	472.76166	2107.6926	1162.1693	2118.627	71.334526	2206.629	1940.3921	1000.0	1000.0	201999	70.63759	49.15413	133.76202	-40.41866	70.63715	49.15555	133.46207	-55.57649	-72.75035	13.024094	24399.661606550217
102	1529.0748	762.0721	2291.147	767.00275	2085.3267	46.054035	2155.5652	2013.1515	678.5	1000.0	203999	70.97642	49.717903	135.8644	-45.661446	70.97466	49.721714	135.01926	-51.53298	-73.17252	12.959458	24650.36204624176
103	1586.6206	325.34198	2030.608	1260.0923	2142.4824	69.69411	2241.0967	2027.8181	876.6667	1000.0	205999	72.31583	50.08509	136.44907	-37.764095	72.314354	50.088703	135.96634	-39.578133	-74.40777	13.1734495	24901.059608459473
104	1115.2114	996.5928	2111.8042	118.61867	2128.6804	452.56454	2368.8926	785.5763	528.0	999.2	207999	72.95172	50.76701	138.0536	-50.065598	72.95116	50.769985	135.84404	-42.053535	-74.86191	13.7119875	25150.761083126068
105	920.4961	6.554901	927.051	913.9412	2222.4592	243.74054	2400.6042	1542.0201	1000.0	1000.0	209999	73.15221	51.499958	137.39877	-52.752842	73.1503	51.5058	136.91649	-45.528004	-75.03929	14.554742	25400.02072429657
106	2045.2606	38.793335	2084.054	2006.4673	1964.7799	452.77	2248.8008	738.5821	1000.0	894.1	211999	73.76772	52.115417	137.22398	-44.859375	73.766594	52.117504	137.78816	-46.014263	-75.68339	14.330252	25644.319318771362
107	1616.7167	462.751	2245.17	1144.3995	2189.5715	28.409458	2240.4321	2151.2527	837.0	1000.0	213999	74.4629	52.705936	140.99875	-47.164547	74.46185	52.70969	138.40147	-49.086197	-76.416245	14.083073	25895.00372862816
108	1985.0426	127.691284	2112.734	1857.3513	2107.2942	69.45297	2199.292	1976.8322	1000.0	1000.0	215999	75.15114	53.133656	142.09435	-49.257263	75.15005	53.136093	138.51393	-43.509197	-77.03831	14.215902	26146.983744621277
109	1966.2864	194.16461	2160.451	1772.1217	2065.151	335.2778	2273.9243	1086.0939	935.5	946.6	217999	75.65685	53.995525	140.1578	-45.987015	75.65727	53.998432	140.12917	-53.797012	-77.80899	15.97948	26396.9896171093
110	2003.9211	38.726013	2042.6472	1965.1952	2232.0784	63.655304	2317.59	2107.683	1000.0	1000.0	219999	76.24966	54.844906	142.16682	-46.107162	76.248665	54.84937	141.76251	-36.919186	-78.62361	16.896091	26652.3543074131
111	1452.1807	841.91064	2074.781	261.96255	1678.3099	467.71143	2111.6697	648.6081	691.0	939.5	221999	77.822655	54.399487	142.41127	-50.371063	77.82156	54.401638	142.85474	-45.928024	-80.10744	16.584532	26901.722229242325
112	1700.1816	538.8997	2134.9136	940.7127	2177.097	44.407837	2238.9062	2099.14	808.3333	1000.0	223999	78.67988	54.726665	142.952	-65.51703	78.68013	54.729652	143.35472	-59.259415	-80.84956	16.877419	27153.245707035065
113	2163.296	115.644775	2278.9407	2047.6511	1304.5134	771.7028	2296.751	64.09255	1000.0	686.4	225999	79.37594	55.335278	145.21397	-49.845894	79.37479	55.33929	146.5756	-63.840935	-81.41022	16.465025	27375.416897296906
114	1264.4396	742.12134	2006.5609	522.3182	1909.1594	737.1844	2490.6697	283.61517	627.5	828.0	227999	80.54647	55.456493	146.54407	-55.112713	80.5464	55.458275	148.74928	-54.0792	-82.80747	16.9391	27611.057801008224
115	1581.9244	461.84067	2221.858	1148.7804	2219.4944	389.31696	2440.7126	1062.6642	878.3333	948.3	229999	81.69112	55.6278	147.89684	-59.063156	81.690506	55.631496	148.3802	-60.16544	-83.64511	17.210783	27861.607468128204
116	2217.8376	64.16016	2281.9978	2153.6775	1490.1932	664.9813	2424.7478	548.08276	1000.0	775.8	231999	82.4089	56.24626	148.34116	-52.866745	82.40851	56.24969	150.30405	-46.112408	-84.65226	17.075207	28094.01685333252
117	2188.4587	40.906494	2229.3652	2147.5522	2250.0605	102.95583	2381.3857	1968.8901	1000.0	988.5	233999	83.47531	56.68839	150.63821	-68.11908	83.47559	56.68991	150.77669	-86.584755	-85.83561	17.338913	28345.883448839188
118	1393.5369	730.764	2124.3008	662.7728	1472.3202	575.3301	2168.1506	421.97964	652.0	877.2	235999	84.74256	56.816116	150.56807	-57.074596	84.74163	56.818146	154.54755	-54.6282	-86.94637	17.078289	28591.212770223618
119	2188.711	9.8758545	2198.5867	2178.835	2356.3254	74.78126	2427.1602	2164.1196	1000.0	1000.0	237999	85.76738	56.902546	152.16718	-59.132515	85.76876	56.90455	152.48708	-52.39957	-87.885155	17.486786	28841.1855404377
120	911.25037	308.23645	1219.4868	603.0139	1857.6621	650.22504	2352.7668	630.24225	1000.0	932.1	239999	86.40556	57.073895	152.68475	-87.58164	86.40718	57.07293	153.37524	-58.074615	-88.38865	17.624413	29096.105739593506
121	1728.3575	718.93207	2270.7588	712.41144	1956.3896	795.51324	2490.0198	183.97142	784.3333	833.3	241999	87.19883	57.53901	155.13289	-65.96557	87.19887	57.540966	154.85419	-65.78506	-89.35539	17.009226	29331.26165676117
122	2228.8838	2.7810059	2231.6648	2226.1028	1768.472	729.7518	2278.766	172.0179	1000.0	837.9	243999	88.15908	57.868515	154.77957	-72.32145	88.16089	57.8688	155.32068	-66.67741	-90.18086	17.12264	29575.40696501732
123	1539.4083	992.52026	2254.513	135.85707	1962.8916	663.78467	2364.2202	19.194101	686.0	1000.0	245999	89.53967	57.936184	156.1963	-68.84215	89.53976	57.938477	154.62613	-67.12519	-91.37312	16.990067	29824.927191972733
124	2234.9229	52.484985	2287.4077	2182.4377	2282.9595	49.390255	2337.1008	2151.3745	1000.0	1000.0	247999	90.84828	57.842384	155.8215	-75.35385	90.84849	57.846527	158.11363	-79.024994	-92.846405	17.402243	30082.669303178787
125	1173.389	833.40845	2280.105	268.9765	2214.6304	485.5648	2540.0059	808.5738	708.0	1000.0	249999	91.75834	57.94222	159.5367	-89.04947	91.75921	57.94573	158.28851	-102.20165	-93.524666	17.637423	30338.542379140854
126	2121.9355	292.77155	2414.707	1829.164	1970.6744	743.4599	2499.1328	332.2727	903.5	828.8	251999	92.47649	58.046032	158.26439	-94.92616	92.4749	58.04785	157.53438	-100.9291	-94.09788	17.758938	30578.527679681778
127	1817.3328	173.51678	1990.8496	1643.816	2268.0142	66.80671	2422.3906	2158.3164	1000.0	1000.0	253999	93.70846	57.949196	160.1061	-116.18834	93.70798	57.95334	158.31442	-121.40823	-95.709785	18.177395	30832.082809209824
128	2305.4312	66.48047	2371.9116	2238.9507	2452.0676	155.69377	2593.486	2028.6317	1000.0	984.6	255999	94.67806	57.90382	159.43042	-114.06209	94.67791	57.905342	160.3174	-108.66634	-96.942406	18.14225	31083.031143188477
129	2261.185	24.310425	2285.4954	2236.8745	2369.8545	291.68686	2552.3909	1505.0701	1000.0	1000.0	257999	95.74819	57.74064	160.47891	-78.98028	95.7473	57.744453	160.1193	-83.990746	-97.8536	17.601463	31336.729026556015
130	2368.834	7.016968	2375.851	2361.8171	2170.5015	389.9976	2415.3225	1019.10254	1000.0	1000.0	259999	97.12825	57.43712	162.68799	-76.370316	97.12827	57.439514	162.77676	-71.41306	-99.39518	18.604633	31591.753231048584
131	2240.8608	76.453125	2317.314	2164.4077	2479.936	62.559856	2572.6418	2387.8225	1000.0	1000.0	261999	98.96516	57.012486	161.5824	-60.585575	98.9634	57.01674	162.25266	-54.777325	-101.01018	18.788242	31848.34171819687
132	2388.6208	2.3969727	2391.0178	2386.2239	2434.2727	231.38205	2578.77	1754.9664	1000.0	971.6	263999	99.9223	56.930073	164.50584	-77.16968	99.92282	56.932224	163.27887	-68.75434	-101.9818	18.970722	32099.844425678253
133	885.22955	1084.7648	2414.1614	11.917475	2360.5833	185.05577	2470.9468	1821.0588	684.3333	976.1	265999	101.13871	56.774555	164.40315	-82.51175	101.13777	56.776913	164.76517	-71.48215	-103.24286	19.109549	32354.931457042694
134	2340.694	113.00879	2453.703	2227.6853	2475.9824	135.66267	2589.2231	2091.1875	1000.0	985.1	267999	101.91696	57.16369	167.28188	-70.422844	101.91763	57.16702	167.82127	-78.27454	-103.98039	18.404701	32606.428897857666
135	2348.2605	54.730225	2402.9907	2293.5303	2422.6404	326.69547	2607.6226	1452.5227	1000.0	958.1	269999	103.05676	57.29479	167.09006	-72.109055	103.05716	57.297092	169.21101	-68.12378	-105.14139	19.85384	32858.56345844269
136	2238.8232	222.77936	2461.6025	2016.0438	1495.658	1488.6637	2548.312	-2139.1326	926.5	820.7	271999	104.03979	57.567574	167.72531	-68.42253	104.04116	57.568584	166.99593	-65.29889	-105.98422	20.080132	33098.727877378464
137	2387.6936	3.4841309	2391.1777	2384.2095	2375.815	45.748344	2466.0564	2302.1052	1000.0	1000.0	273999	104.64095	58.278652	167.86662	-83.56644	104.64138	58.279034	168.26703	-63.812706	-106.4415	19.528204	33354.15644168854
138	2376.1602	78.441284	2454.6016	2297.719	2300.4312	610.3598	2643.2769	541.80334	1000.0	1000.0	275999	104.91585	59.28832	167.52724	-75.66227	104.91733	59.2911	169.86014	-69.60451	-106.98911	18.903637	33611.60755157471
139	2400.2383	120.91345	2521.1516	2279.3247	2461.6118	306.75333	2694.8137	1730.2706	1000.0	965.4	277999	105.13328	60.282726	170.54573	-75.290886	105.13323	60.28633	170.32112	-72.09123	-107.27069	20.166862	33863.82415723801
140	951.47687	1386.2532	2337.73	-434.77628	2277.6567	47.503475	2328.1553	2191.737	1000.0	1000.0	279999	105.80198	60.858948	170.11282	-59.051197	105.80342	60.857468	172.04613	-57.851887	-107.938866	19.279856	34116.45288896561
141	1683.77	605.83405	2528.5771	1137.7616	2007.65	758.452	2520.8794	453.4243	862.3333	831.8	281999	105.96351	61.881367	172.03761	-82.586174	105.96403	61.88381	173.01013	-104.34673	-108.156456	19.23506	34354.46413230896
142	2469.934	136.52588	2606.46	2333.4082	2184.702	937.67725	2730.0808	179.7021	1000.0	909.0	283999	105.80756	63.531395	174.0587	-78.12788	105.80737	63.53368	171.81465	-89.473434	-108.112114	20.11102	34600.19697761536
143	2334.9932	20.080444	2355.0737	2314.9128	2423.5837	178.95117	2579.3833	1915.4779	1000.0	977.5	285999	106.1269	64.84424	176.92462	-52.369923	106.12654	64.84887	175.5363	-59.70151	-108.31695	20.542212	34849.24556565285
144	1693.146	593.8335	2286.9795	1099.3125	2246.802	259.13705	2448.3257	1509.1796	732.5	962.0	287999	106.47353	65.954094	176.74004	-69.08671	106.47196	65.96003	176.51912	-58.64458	-108.819984	20.87271	35096.82848954201
145	2439.8628	25.382202	2465.245	2414.4807	1834.8746	634.9198	2363.139	201.70007	1000.0	846.1	289999	106.89205	67.17563	176.754	-81.52557	106.89164	67.175575	176.33015	-63.20601	-109.2435	20.06043	35337.024337768555
146	2293.1626	8.765747	2301.9282	2284.3967	2223.4019	653.4678	2530.612	274.022	1000.0	912.2	291999	106.97958	68.27224	176.27983	-74.58702	106.98064	68.2745	176.93985	-83.81115	-109.41982	20.790174	35584.49665760994
147	2462.7698	57.396973	2520.1667	2405.3728	2577.2144	92.382126	2697.6963	2427.8364	1000.0	1000.0	293999	107.49333	69.146355	177.73457	-71.46461	107.49433	69.14349	181.22652	-73.08787	-109.75634	20.469711	35834.430608034134
148	2511.48	27.959595	2539.4397	2483.5205	2179.1895	803.7421	2745.251	363.48767	1000.0	833.8	295999	108.56147	69.44141	178.87282	-65.3346	108.56042	69.446304	177.83867	-65.752556	-110.62967	20.602882	36073.419078826904
149	2509.9038	26.839722	2536.7434	2483.064	2467.44	61.448986	2576.015	2375.7642	1000.0	1000.0	297999	109.01464	69.97474	179.90762	-107.226524	109.01509	69.97817	178.42062	-96.139496	-111.13172	21.407555	36326.80558013916
150	2075.3591	278.7265	2354.0857	1796.6327	2630.4092	65.93075	2733.5173	2498.306	1000.0	1000.0	299999	109.58554	70.55705	179.20555	-62.20922	109.58781	70.55519	179.33186	-84.524216	-111.790985	21.383167	36581.9417014122
151	1630.3572	273.20612	1903.5634	1357.1511	2023.0447	766.7423	2594.364	437.6033	884.0	894.6	301999	110.29553	70.61702	180.77562	-78.7127	110.29636	70.61721	185.02124	-65.35356	-112.22319	21.257008	36826.24668431282
152	1892.0161	696.5018	2451.1533	910.1681	2329.4312	692.8942	2790.9907	278.41156	805.3333	1000.0	303999	111.22295	70.60755	182.04802	-64.12753	111.22263	70.609116	186.89233	-67.50555	-113.11075	20.434904	37086.7728497982
153	1252.3213	13.443542	1265.7648	1238.8777	2641.759	64.32497	2752.864	2526.3918	732.5	1000.0	305999	112.13888	70.74846	182.4377	-62.39732	112.13858	70.75219	182.07535	-88.233284	-114.10099	20.785028	37344.91040658951
154	2548.1592	13.176147	2561.3352	2534.983	2176.143	611.6854	2739.8777	621.26025	1000.0	858.9	307999	112.31535	71.30292	182.28305	-84.319565	112.31424	71.30518	186.58105	-85.91324	-114.149185	21.703688	37591.343297958374
155	2537.6365	12.1171875	2549.7537	2525.5193	2365.0513	720.68115	2811.9175	219.32811	1000.0	909.3	309999	112.51241	71.70711	181.78433	-80.26272	112.51155	71.710266	184.24583	-84.9858	-114.720406	22.494106	37837.8653049469
156	1250.35	928.1711	2480.3206	238.3363	2452.0737	296.22272	2614.0928	1586.3011	806.3333	964.7	311999	112.80036	72.00991	182.5583	-72.133026	112.80043	72.0154	187.08458	-73.53245	-115.08709	21.826511	38096.52958416939
157	1949.8734	508.00024	2516.804	1284.258	2034.7732	756.3937	2493.109	465.79254	764.0	925.8	313999	113.57497	72.51179	184.49588	-70.22308	113.57494	72.51242	186.64218	-71.08582	-115.34458	22.142462	38348.27352142334
158	1914.7109	657.5468	2572.2578	1257.1642	1709.5436	1208.9316	2775.0146	-246.3663	771.5	915.6	315999	113.81224	73.401535	187.01628	-72.15863	113.81177	73.403206	187.66234	-70.56626	-116.04521	23.072094	38602.59196352959
159	1176.5406	1492.8248	2669.3655	-316.28418	1988.7487	574.4218	2410.6956	829.3955	1000.0	877.7	317999	114.11059	74.294815	185.34697	-80.26636	114.11018	74.29725	184.87338	-81.589134	-116.42011	23.854773	38853.986674547195
160	1762.3705	747.81213	2510.1826	1014.55835	2592.158	81.842285	2728.1045	2468.158	1000.0	1000.0	319999	113.44883	75.63243	189.52087	-80.84935	113.45	75.633545	190.4513	-89.43446	-115.511505	24.982426	39112.61983895302
161	2338.3284	141.68774	2480.016	2196.6406	2696.0552	83.46233	2795.388	2497.0212	1000.0	1000.0	321999	114.24723	75.920944	187.40433	-81.72698	114.24792	75.92319	188.07658	-93.68879	-116.56113	24.152288	39373.46030950546
162	2436.316	87.38977	2523.7058	2348.9263	2589.804	404.36777	2816.044	1388.991	1000.0	952.5	323999	114.03302	76.958275	187.02277	-80.88123	114.03261	76.96049	186.6944	-79.76315	-116.62495	24.677504	39625.631548166275
163	1954.1019	821.62897	2620.2776	796.533	2236.067	961.5707	2899.0278	23.528358	774.0	827.9	325999	114.45065	77.642624	189.6942	-116.26665	114.45274	77.64643	196.36987	-85.46563	-116.97625	24.845242	39872.69267439842
164	1854.1578	1078.5146	2619.9092	328.91226	1990.9348	568.92224	2613.7827	1017.34717	709.6667	816.6	327999	114.64575	78.509834	188.81416	-73.81031	114.64387	78.51923	188.88863	-68.32467	-117.22169	25.345604	40117.81002521515
165	1083.0109	608.27423	1763.7466	178.0806	1785.4131	904.13324	2647.2769	70.24782	445.0	820.4	329999	114.73437	79.6988	187.83907	-73.47422	114.73376	79.70109	190.55122	-76.511795	-117.606735	25.7752	40366.40471076965
166	1578.2727	1093.6401	2671.9128	484.6327	2594.5776	55.274635	2671.531	2495.654	601.5	1000.0	331999	115.27664	80.05861	192.51942	-90.76419	115.2762	80.05863	193.02156	-83.065414	-117.94071	24.821278	40626.61018037796
167	2090.3467	762.61945	2632.4895	1011.8449	2122.6294	950.60876	2971.464	214.1729	798.0	773.9	333999	116.11922	79.92655	190.36922	-72.83973	116.11939	79.92962	190.85742	-84.852745	-118.220566	25.011532	40869.130111694336
168	2663.3528	33.449707	2696.8025	2629.903	2677.573	55.63007	2780.7727	2603.3726	1000.0	1000.0	335999	116.78838	79.95869	192.10002	-71.01572	116.78875	79.95956	191.48755	-84.65788	-119.03638	24.276688	41130.11002445221
169	1981.1179	541.2673	2522.3853	1439.8507	2445.3865	92.2992	2631.6755	2306.814	767.0	1000.0	337999	117.6805	79.99115	191.26035	-75.67188	117.68131	79.99108	200.68091	-106.74478	-120.1204	25.232588	41393.940885305405
170	2586.5894	19.483765	2606.073	2567.1055	2675.3865	67.813675	2760.243	2534.243	1000.0	1000.0	339999	117.87731	80.571724	199.60661	-91.686325	117.87833	80.5738	193.53064	-102.79896	-120.43582	26.549282	41654.17109155655
171	2519.3862	63.519165	2582.9053	2455.867	2624.2766	40.624397	2698.6357	2549.0564	1000.0	1000.0	341999	118.62955	80.505295	191.74037	-95.513664	118.62896	80.50807	193.16653	-99.016754	-121.56503	26.164478	41918.691994190216
172	2213.318	586.7473	2710.316	1389.36	2127.8845	826.51227	2668.2349	110.18837	849.0	910.9	343999	119.55595	80.20868	193.52617	-104.48761	119.55432	80.21539	194.73853	-86.79897	-122.55405	25.315933	42171.128875017166
173	2480.4258	60.861694	2541.2876	2419.5642	2718.4478	53.79914	2802.9397	2645.2031	1000.0	1000.0	345999	120.9158	79.54755	193.80716	-86.42749	120.91495	79.55178	193.44774	-83.96595	-123.62039	25.661444	42434.65302658081
174	1651.2617	907.037	2464.1938	385.4761	2421.0962	992.18097	2983.9705	100.49399	673.0	904.8	347999	121.53481	79.6684	194.18517	-72.17091	121.53505	79.67122	193.38585	-74.6503	-124.35075	25.726671	42691.00998020172
175	2517.5283	56.382935	2573.9111	2461.1453	2408.522	758.0062	2847.6301	551.0646	1000.0	867.8	349999	122.20427	79.598724	193.32545	-78.63265	122.20326	79.60521	194.45505	-71.90783	-124.4398	26.37371	42940.75352740288
176	2675.9053	17.234497	2693.1396	2658.6707	2653.3774	229.84233	2816.605	1993.5452	1000.0	975.2	351999	123.10645	79.284546	195.77608	-88.959854	123.10718	79.28493	195.89677	-81.31919	-125.61186	25.451128	43201.9535677433
177	2592.5125	2.034912	2594.5474	2590.4775	1895.9192	746.1019	2761.0916	823.40515	1000.0	745.6	353999	123.59868	79.382286	195.47707	-81.58526	123.5979	79.38248	196.4006	-74.33093	-126.078514	25.306105	43441.52875804901
178	2658.6384	10.063477	2668.702	2648.575	1626.2363	1114.4512	2780.0425	27.556799	1000.0	679.0	355999	124.11673	79.53285	195.5326	-96.95825	124.11562	79.534096	197.72166	-92.1606	-126.45865	25.279163	43676.8731303215
179	2612.9868	85.02283	2698.0095	2527.9639	2628.7295	166.72917	2814.0188	2177.5703	1000.0	978.0	357999	124.92007	79.53175	197.83113	-85.17752	124.91919	79.536415	197.22386	-81.23601	-127.58361	26.035421	43935.989713430405
180	1857.2322	812.1263	2669.3584	1045.1058	2790.0662	202.11934	3018.215	2210.6235	1000.0	1000.0	359999	124.92138	80.251045	202.50078	-84.75145	124.92126	80.25388	204.12616	-81.20014	-127.67395	26.031586	44201.694796562195
181	2664.6353	1.8704834	2666.5059	2662.765	2745.77	286.89236	2933.656	1913.7764	1000.0	969.7	361999	125.49142	81.097984	202.99243	-70.47865	125.48946	81.1009	201.20404	-80.69377	-127.877716	25.638458	44463.08341383934
182	2856.2964	80.536865	2936.8333	2775.7595	2831.525	72.595825	2986.5608	2745.6733	1000.0	1000.0	363999	125.96691	81.90056	204.90227	-86.9483	125.96561	81.904366	198.99565	-97.060974	-128.46486	25.403265	44725.32518815994
183	1947.908	787.5655	2735.4734	1160.3424	2560.3298	519.9268	2987.0913	1188.3083	1000.0	971.5	365999	126.46191	82.33943	201.23857	-98.92067	126.46142	82.3445	208.00452	-82.08365	-128.65605	25.660563	44991.21271419525
184	2667.583	177.03943	2844.6226	2490.5437	2420.5474	87.06437	2574.2734	2261.8992	1000.0	1000.0	367999	126.72082	82.74165	200.50261	-95.983604	126.72009	82.74526	200.82971	-86.05416	-129.17021	25.990442	45257.18199110031
185	2609.66	73.73242	2683.3923	2535.9275	2112.4932	934.9347	3006.2432	514.2645	998.0	745.5	369999	127.26466	83.261116	201.48628	-127.32334	127.26512	83.261314	204.97612	-104.94409	-129.14142	26.065266	45495.69884228706
186	2693.024	26.629028	2719.6528	2666.3948	1845.5111	1064.6359	2822.7605	69.92206	1000.0	825.1	371999	127.97644	83.47393	200.06967	-90.751915	127.97718	83.47259	211.6823	-93.95284	-130.38036	25.583973	45745.86815404892
187	1085.4042	1358.348	2443.7522	-272.9439	2344.5776	670.0105	2746.0493	406.12097	1000.0	985.0	373999	128.32527	83.923584	208.27322	-86.4853	128.32506	83.92625	205.66685	-102.57006	-130.66643	25.011023	46010.58381342888
188	1855.2521	1241.9283	2814.2363	101.45981	2466.9863	655.50525	2920.7568	863.4743	686.3333	940.3	375999	128.16798	84.718704	204.65746	-96.81543	128.1688	84.718796	208.54005	-100.66156	-130.49547	25.825321	46271.46262001991
189	2663.9617	3.4624023	2667.424	2660.4993	2309.107	714.66754	2719.1099	276.05667	1000.0	896.2	377999	128.5327	84.9676	203.51862	-101.82162	128.53209	84.96779	203.7295	-110.76033	-130.89977	26.641418	46522.53757429123
190	2535.0693	109.23328	2644.3027	2425.8362	2191.309	1321.6837	2997.1409	-848.31476	1000.0	885.8	379999	129.241	85.104416	205.92793	-91.54993	129.24232	85.10661	208.55754	-94.54973	-131.73233	26.484962	46774.13915657997
191	1887.6444	1172.2185	2764.1206	230.80612	2129.4602	1044.7004	2985.486	129.92561	701.3333	734.7	381999	130.64139	84.23372	208.40877	-108.34423	130.64156	84.23393	214.92766	-94.02481	-133.20894	26.42809	46976.11076927185
192	2688.4316	36.029053	2724.4607	2652.4026	2370.2168	862.73804	3050.8823	659.4292	1000.0	946.1	383999	131.34152	84.27277	204.81374	-139.83322	131.34003	84.27597	207.17448	-140.8085	-133.42493	25.07535	47195.73816585541
193	1949.9332	873.70764	2823.6409	1076.2256	1604.8005	1071.8912	2798.5586	170.92389	1000.0	767.0	385999	132.35168	84.27153	205.43042	-90.35351	132.35033	84.276695	212.7504	-93.31126	-134.70859	25.74339	47405.18078351021
194	2646.3364	3.5378418	2649.8743	2642.7986	2706.6418	486.49637	3087.78	1299.5735	1000.0	947.0	387999	132.2248	84.97604	206.03783	-96.68522	132.22504	84.98058	205.49887	-97.91106	-134.60387	25.949736	47623.73794865608
195	2678.33	25.692505	2704.0225	2652.6375	2462.853	806.6188	2818.013	57.520157	1000.0	903.4	389999	132.78647	85.18183	209.86192	-144.15112	132.78639	85.18309	213.76453	-119.93637	-135.2492	27.45643	47836.993753671646
196	2713.52	30.992676	2744.5127	2682.5273	2166.652	851.304	2888.515	710.5142	1000.0	795.3	391999	134.03836	85.01671	208.22845	-84.60917	134.03976	85.01534	210.33904	-108.3871	-136.41263	26.996113	48041.66507649422
197	1690.5521	768.2981	2750.4294	953.44684	1590.7278	1218.0692	2984.4084	-220.8339	628.3333	769.7	393999	134.39407	85.15395	211.14606	-111.821846	134.39365	85.15709	209.77539	-119.70606	-136.85175	27.537	48247.61723899841
198	1516.625	981.63794	2498.263	534.98706	2118.009	1028.8813	3114.334	358.10315	1000.0	790.4	395999	134.54669	85.40194	209.49187	-96.793015	134.5467	85.40272	209.94423	-94.643295	-136.67378	27.73388	48453.41055941582
199	2666.3965	30.639038	2697.0356	2635.7576	2209.41	1285.1301	2979.9072	-1519.4058	1000.0	982.4	397999	134.83006	85.62494	208.34644	-114.91439	134.83185	85.62524	212.68384	-99.05698	-137.4011	27.203083	48671.60050678253
200	2902.481	32.125122	2934.606	2870.3557	2692.2827	884.5207	3126.393	61.905563	1000.0	996.7	399999	135.54434	85.58039	209.7249	-125.71278	135.544	85.58346	215.72	-137.716	-137.92984	28.089685	48892.0180850029
201	2835.7087	27.61499	2863.3237	2808.0938	2586.2458	553.9905	2969.788	1135.1974	1000.0	909.9	401999	135.58356	86.31583	218.98595	-94.246605	135.58466	86.31598	212.40364	-93.19691	-137.66675	26.702887	49107.67410516739
202	2670.1494	0.8811035	2671.0305	2669.2683	2616.3125	1153.1521	3201.6843	-686.7461	1000.0	969.0	403999	136.02725	86.66113	212.43724	-96.1229	136.0277	86.66386	213.03177	-98.64607	-138.31528	26.889887	49344.69508385658
203	2726.1936	94.37695	2820.5706	2631.8167	2613.1855	834.2553	3168.9656	461.88794	1000.0	852.9	405999	136.72939	86.82314	215.77565	-113.946915	136.73058	86.82523	214.70963	-108.26292	-138.79037	27.049728	49579.993003606796
204	1595.7325	1196.5193	2968.2385	52.357677	2642.6875	745.18695	2976.1692	412.158	567.0	918.1	407999	137.50029	87.162575	211.55441	-103.06612	137.50015	87.166885	213.86876	-112.15597	-140.10504	28.599546	49816.89311385155
205	2820.9722	138.90198	2959.8743	2682.0703	2149.3606	708.71954	2886.9011	518.7695	1000.0	765.3	409999	137.86009	87.60138	217.94986	-112.61479	137.8597	87.6037	219.25269	-110.963974	-140.34727	27.856009	50051.89653420448
206	1871.1195	1273.3597	2854.448	72.946014	2162.4658	936.73	3026.4385	396.01016	681.3333	852.7	411999	138.88232	87.00185	221.91463	-119.47905	138.88258	87.002495	224.66759	-124.12656	-141.77502	29.042362	50290.37599992752
207	2819.3916	14.521606	2833.9133	2804.87	2681.4778	455.80023	2918.443	1324.2252	1000.0	1000.0	413999	139.41327	87.02023	238.64803	-122.43595	139.41316	87.02447	239.60667	-185.96078	-141.93805	29.542095	50545.41322183609
208	2794.084	59.599243	2853.6833	2734.4849	582.3728	1452.9009	3036.332	-1880.6062	1000.0	1000.0	415999	140.9229	86.58548	268.93018	-108.217514	140.92293	86.58513	273.83752	-101.12244	-143.79523	30.033617	50801.66523718834
209	1044.3118	1385.0632	2429.375	-340.7514	2028.7758	1435.3282	3081.3281	-1069.853	1000.0	941.1	417999	142.45734	85.63656	277.6524	-97.617744	142.45853	85.63561	279.55075	-107.61014	-144.80411	32.23098	51051.270064115524
210	1819.4061	962.4416	2827.998	523.59424	1055.1437	974.87225	2883.7888	-240.54643	732.6667	862.6	419999	143.1428	84.530045	249.22998	-101.31765	143.14238	84.53033	249.73892	-96.05252	-145.56879	31.321478	51295.8621237278
211	1463.5897	1232.0328	2695.6226	231.55693	2188.2886	1012.5776	3026.7139	246.0536	1000.0	1000.0	421999	144.32294	83.131584	222.99289	-83.767784	144.32346	83.133545	225.98822	-93.31384	-147.1242	29.575304	51551.63978099823
212	2807.3137	117.3728	2924.6865	2689.941	2536.651	775.60986	2987.6208	404.544	1000.0	965.7	423999	145.54451	81.81784	216.1045	-119.27577	145.54362	81.82111	219.47781	-115.153244	-147.8715	28.765045	51807.83920907974
213	1728.9341	1029.2373	2918.4138	407.66293	2859.2886	103.74606	3069.5417	2769.4343	719.0	1000.0	425999	145.99515	81.27149	248.69826	-72.33241	145.9939	81.2751	219.85286	-113.136215	-148.2284	26.707184	52065.936007499695
214	2767.7898	48.050537	2815.8403	2719.7393	2541.8574	871.48663	3063.721	95.428795	1000.0	854.5	427999	147.09769	80.608795	220.2004	-77.28696	147.09744	80.60808	218.93022	-108.8145	-149.60547	26.14844	52311.00481414795
215	1978.4207	890.7476	2869.1682	1087.673	2735.6907	72.06796	2880.8323	2605.688	1000.0	1000.0	429999	146.85324	81.278336	219.434	-78.007225	146.85426	81.276726	232.02226	-74.16759	-148.88968	28.084976	52551.49628448486
216	1910.3501	894.30634	2804.6565	1016.04376	2657.0508	897.3474	3150.8167	145.51169	1000.0	905.7	431999	147.62637	81.13446	217.16881	-77.905334	147.6262	81.13822	223.61522	-94.92914	-149.71599	26.591385	52775.52578616142
217	1978.4358	916.3987	2894.8345	1062.0371	2770.3752	56.89626	2874.396	2707.1384	1000.0	1000.0	433999	148.38318	80.70575	220.21684	-131.33652	148.38326	80.70791	220.05525	-85.26536	-150.6147	27.817848	53003.81936621666
218	385.392	631.659	1017.05096	-246.26698	2867.412	163.67444	3002.0625	2411.9927	687.5	994.3	435999	148.3539	80.94142	228.80557	-93.881	148.35469	80.94089	231.96559	-98.91184	-150.336	27.834646	53229.595863580704
219	1596.6536	1276.851	2873.5044	319.8026	2588.1707	513.9415	3064.0142	1630.9406	1000.0	929.3	437999	148.55959	81.3388	224.55373	-74.813896	148.55899	81.34178	221.46829	-107.45848	-150.70142	27.924892	53450.63242459297
220	2740.9785	35.222046	2776.2004	2705.7563	2896.359	70.851425	3034.277	2739.7642	1000.0	1000.0	439999	149.05711	81.74943	233.37515	-85.16183	149.05736	81.75012	237.116	-89.27291	-151.18544	28.984386	53699.699006557465
221	2964.898	53.580444	3018.4783	2911.3174	3116.7031	97.659096	3263.3528	2875.74	1000.0	1000.0	441999	149.53452	82.30201	222.84982	-78.17374	149.53506	82.30136	223.89374	-89.50085	-151.5652	28.420843	53952.08801603317
222	1352.986	1457.4376	3108.3474	-460.22452	3031.7075	189.25647	3278.4385	2549.623	844.0	983.2	443999	149.5189	83.26144	223.83142	-111.44226	149.51767	83.26355	228.36597	-106.90651	-151.4379	28.519875	54204.472210884094
223	2287.685	611.6125	2899.2976	1676.0726	2208.7346	1171.5348	3198.5154	-397.66232	776.0	818.3	445999	149.57115	83.90697	228.05775	-101.931885	149.5691	83.912476	233.25421	-103.95529	-151.88986	29.06864	54457.55027651787
224	2235.8867	496.6317	2732.5186	1739.2551	2029.9922	1162.8546	3120.792	51.972183	989.0	692.1	447999	150.49034	84.041885	225.09781	-111.02825	150.49062	84.043724	224.63037	-107.35565	-152.45154	28.885208	54685.45739006996
225	2966.0278	40.747803	3006.7756	2925.28	2755.9636	737.792	3414.5303	1057.3967	1000.0	896.4	449999	150.6774	84.45142	229.76944	-146.04886	150.6757	84.459015	225.65636	-150.23663	-152.6425	28.452997	54936.78009772301
226	2808.914	38.087524	2847.0017	2770.8267	3095.139	237.59201	3253.4392	2408.3564	1000.0	975.8	451999	151.66118	84.296875	227.54982	-95.0777	151.6597	84.29765	230.0278	-136.87572	-153.8674	28.470821	55183.658304452896
227	2839.3604	121.781494	2961.1418	2717.5789	2925.9937	651.0465	3337.6228	989.85004	1000.0	1000.0	453999	152.01979	84.69465	231.03061	-97.41472	152.02028	84.69605	230.31833	-106.82555	-153.93504	27.455929	55436.22833132744
228	1759.1749	786.4714	2862.042	1082.9652	2581.3777	1016.6122	3246.0095	369.47473	797.0	924.1	455999	152.77682	84.78566	236.19238	-95.87383	152.77441	84.78659	230.79134	-117.95767	-154.84976	28.208544	55686.058559179306
229	1561.0355	1332.7802	2893.8157	228.25526	2382.38	1159.688	3257.251	167.09811	1000.0	762.0	457999	152.9309	85.121414	226.60994	-129.45757	152.92912	85.121735	229.82162	-130.13342	-154.73721	27.972425	55916.558532476425
230	2315.4036	786.9467	3102.3503	1528.4569	2159.483	1008.09094	3187.7258	710.7834	752.5	802.3	459999	153.46193	85.06215	232.38307	-140.20123	153.46149	85.07081	230.19301	-175.4226	-155.57047	29.709898	56152.43620252609
231	2844.28	44.059082	2888.339	2800.221	2609.7175	948.83276	3282.1216	716.6191	974.0	924.3	461999	153.71616	85.4669	228.16493	-143.0915	153.71466	85.46866	228.77275	-133.62952	-155.74136	30.207447	56404.315012693405
232	2846.0234	3.0299072	2849.0535	2842.9937	3192.9023	62.197052	3313.1787	3104.8247	1000.0	1000.0	463999	154.0682	85.54324	226.8285	-139.89265	154.06839	85.54526	237.68748	-205.49353	-155.84373	32.142708	56657.596732616425
233	2324.0718	608.2148	2932.2866	1715.857	2938.901	323.47446	3213.5227	2159.194	1000.0	950.8	465999	154.61845	85.51359	233.55084	-158.5884	154.61858	85.51532	233.24246	-170.62505	-156.19785	31.337421	56902.67636227608
234	2243.5652	858.3359	2851.7158	1029.6957	3190.1868	64.75083	3338.177	3117.0085	788.6667	1000.0	467999	155.40392	85.33928	232.70596	-122.82486	155.4035	85.33867	228.77124	-121.90126	-157.44936	30.604458	57159.93649673462
235	2973.7695	19.703857	2993.4734	2954.0657	2932.2637	402.04434	3161.8848	1748.3365	1000.0	990.2	469999	155.70418	85.39314	233.92813	-118.10084	155.70592	85.389565	231.30786	-114.266815	-158.07953	29.568602	57411.57065439224
