Epoch	AverageEpRet	StdEpRet	MaxEpRet	MinEpRet	AverageTestEpRet	StdTestEpRet	MaxTestEpRet	MinTestEpRet	EpLen	TestEpLen	TotalEnvInteracts	AverageQ1Vals	StdQ1Vals	MaxQ1Vals	MinQ1Vals	AverageQ2Vals	StdQ2Vals	MaxQ2Vals	MinQ2Vals	AverageLogPi	StdLogPi	MaxLogPi	MinLogPi	LossPi	LossQ	Time
1	122.24152	44.544815	343.15213	83.29142	343.06317	16.399906	374.73907	317.18387	24.333334	63.2	1999	20.560339	8.627259	43.543747	-8.987189	20.561766	8.628919	42.537163	-4.480756	-10.68566	1.6292247	35.721478	-18.532093	-22.8325	3.9036717	246.035502910614
2	125.0107	35.676556	226.99525	78.28256	296.55884	11.444518	313.0917	281.64578	24.875	53.8	3999	58.922565	23.625544	114.40975	-19.135868	58.924404	23.625406	115.196594	-25.469751	-7.2249265	3.7506301	14.436784	-22.719578	-62.25671	12.137135	805.63973736763
3	127.67326	40.651558	318.95087	78.45762	257.58746	6.473689	265.02374	247.01958	25.425	46.8	5999	108.93223	45.44398	197.66112	-48.86401	108.93443	45.448597	198.20355	-24.46513	-3.6390388	3.7110393	17.361431	-22.683558	-116.14362	30.248318	1425.1615827083588
4	113.15056	28.53184	200.66768	78.37307	145.38489	3.76186	149.05983	137.05084	22.53409	28.4	7999	172.10106	77.055595	311.41608	-58.509777	172.10297	77.06256	313.2165	-40.699425	0.9294639	4.5202184	27.88055	-18.919643	-186.3883	64.02259	2066.3294270038605
5	121.66757	37.46859	281.67334	83.31022	147.17525	4.760666	154.91078	140.67796	24.228916	28.9	9999	258.057	115.742256	456.6422	-84.16839	258.05853	115.752014	459.04352	-51.38841	5.720105	5.2113037	56.78538	-16.917383	-280.49713	125.389656	2718.656935453415
6	312.41812	90.10552	518.83105	147.73282	241.4762	16.684645	280.85715	224.80426	61.741936	50.3	11999	353.3823	144.97473	542.6954	-148.03227	353.386	144.98923	551.6023	-168.06587	6.2066827	8.616552	82.564964	-19.77176	-376.6593	421.83224	3388.680074453354
7	365.4261	91.77008	660.81683	227.30339	279.0312	24.19136	307.01257	231.86612	74.39286	58.5	13999	384.74792	149.58467	557.8183	-155.00398	384.74832	149.56415	563.7358	-153.64653	4.4369793	9.340748	54.96917	-19.593029	-400.5263	419.79968	4012.3057091236115
8	309.3231	52.16485	505.82013	198.07008	324.62347	18.089716	359.104	298.44223	61.4375	61.1	15999	371.78668	157.31169	554.68304	-162.61269	371.79556	157.30054	560.99567	-144.77667	2.9975216	9.891469	72.11202	-19.739822	-384.24838	368.90894	4602.721035480499
9	355.7939	80.94102	577.1145	214.81407	350.20306	19.828558	396.55157	320.17194	68.793106	67.4	17999	348.29385	165.18591	546.8194	-139.52751	348.29837	165.22417	546.95154	-135.8189	1.6806436	8.361957	49.958363	-19.4216	-358.2035	415.06882	5150.4257090091705
10	307.9978	46.903755	412.04877	215.46968	266.07684	5.9352326	275.05865	256.447	61.757576	51.3	19999	321.16925	169.04697	561.6517	-84.4197	321.1687	169.11267	544.98895	-68.016785	1.2618238	7.347457	52.622677	-21.051683	-329.755	422.87982	5654.758891105652
11	362.1499	64.98841	515.4819	239.21436	334.22134	26.737514	402.05515	305.8079	70.64286	63.7	21999	294.12836	169.37521	537.4701	-71.9431	294.13773	169.41396	532.4154	-46.88939	1.4863976	6.9503803	41.617184	-21.437794	-301.9793	398.79184	6130.9092037677765
12	376.73337	78.90365	602.19434	266.0032	518.827	98.084015	715.62213	400.718	72.57143	112.0	23999	273.09668	164.13689	522.79956	-55.20269	273.09985	164.13632	528.4421	-53.875652	1.3967733	6.85403	37.61967	-19.340145	-280.2929	326.49576	6612.395188570023
13	373.38342	46.80694	468.80658	238.81345	426.07684	35.376816	489.09912	389.13864	73.22222	83.8	25999	256.4781	156.2152	496.5607	-44.84468	256.48526	156.20868	500.24225	-59.084904	1.0915197	6.7894235	35.076153	-25.857819	-263.1533	275.44717	7093.830574512482
14	419.78992	66.324974	589.1026	269.09943	527.36884	87.95701	681.2471	380.5363	84.458336	101.1	27999	239.80109	148.6266	478.7874	-47.40093	239.80014	148.63168	474.34735	-55.334793	-0.078921646	6.6985526	34.816612	-21.343208	-245.57529	254.50499	7571.845470905304
15	447.96634	99.86975	638.2238	295.2686	461.39508	41.32283	570.40717	421.30933	90.954544	92.2	29999	222.77208	138.8848	447.08478	-117.05942	222.77304	138.89093	447.59473	-51.399357	-1.0075322	6.379129	36.179993	-20.343105	-227.5614	239.87015	8050.582577943802
16	459.1909	85.99587	664.6369	340.17557	457.03677	148.17441	820.86255	332.2446	90.545456	87.3	31999	212.14844	130.33868	433.2583	-77.30507	212.1468	130.3472	427.33273	-62.68556	-1.1421034	6.08446	33.636562	-20.156235	-216.49019	222.33553	8526.285720586777
17	422.17938	106.24869	739.9271	275.1853	538.15717	70.76922	647.50946	428.95792	84.565216	105.0	33999	203.07703	124.03421	422.28418	-60.03614	203.07678	124.04179	421.20523	-43.588795	-1.4627153	5.954707	29.62499	-23.064991	-207.1728	197.66263	9005.124226093292
18	464.64285	141.58456	965.77997	321.66708	385.00665	32.32589	443.96664	329.37207	96.14286	84.4	35999	196.62444	117.90966	403.98224	-49.871063	196.62138	117.91905	403.2233	-31.340502	-2.1075072	5.7349014	34.404743	-20.824818	-200.30664	183.58575	9483.152585983276
19	485.75897	109.763	702.0046	337.33594	514.69916	84.87406	687.3688	407.9568	98.9	106.8	37999	191.6682	112.87971	393.0603	-33.316433	191.66734	112.88684	393.17456	-28.732225	-2.511897	5.554887	28.524597	-20.91684	-195.13297	167.10744	9964.781555175781
20	483.1953	89.193535	660.57764	338.2091	540.83026	131.37161	865.0018	388.26538	98.5	110.9	39999	189.06767	109.25486	384.99393	-26.95075	189.06514	109.25955	383.86462	-28.755114	-2.686763	5.284526	30.833296	-21.252476	-192.31511	148.73128	10445.445835828781
21	537.42126	129.12267	909.0019	342.72034	588.57825	121.027084	836.4751	394.5686	111.666664	119.2	41999	186.76695	106.19615	376.20462	-17.734703	186.76508	106.200325	377.03534	-19.607418	-3.0438526	5.2084827	28.123474	-21.740486	-189.79169	135.90372	10922.00309920311
22	513.5491	126.83217	826.1459	369.21606	514.81165	80.82483	642.9379	387.68033	102.0	100.0	43999	187.14128	103.73557	369.7797	-18.96551	187.14075	103.734245	368.80032	-27.982756	-3.116935	5.120842	28.300652	-20.211472	-190.12071	125.76051	11401.411630630493
23	490.45312	144.61813	1036.3917	346.13937	600.0714	108.80407	773.8767	455.2338	99.8	120.9	45999	188.79903	103.20223	362.4998	-25.82214	188.79742	103.20284	362.32977	-25.68005	-3.6224616	5.1075172	35.727524	-22.063938	-191.68356	116.93155	11878.623814821243
24	495.10928	68.22054	681.6027	374.0515	468.52435	67.84357	568.6048	367.6427	99.15	88.2	47999	190.36057	102.71903	363.40674	-19.819134	190.3582	102.716324	360.2674	-36.24887	-3.8133943	5.0657578	30.258028	-18.595417	-193.13922	112.67131	12330.892546653748
25	490.7834	95.186966	701.6841	341.81732	474.47885	46.764942	582.1464	421.50745	93.63636	89.0	49999	191.50412	102.45779	357.53162	-18.353209	191.50333	102.454506	359.20584	-29.445107	-4.1352663	5.014761	31.051172	-21.832462	-194.19453	106.79872	12804.681159973145
26	493.7613	96.07536	719.15295	323.47058	551.6896	16.29453	587.40826	529.8214	95.190475	101.3	51999	193.19434	102.726616	361.41388	-27.696745	193.194	102.7275	354.56323	-31.247879	-4.3335495	5.013145	34.672234	-20.504566	-195.82027	103.45022	13277.82904624939
27	487.93286	99.37473	749.1895	306.33243	453.69946	42.848213	530.8178	387.14462	93.190475	83.9	53999	195.43375	103.257645	359.9821	-15.6372	195.43262	103.2553	362.06836	-20.230497	-4.500154	4.8942475	28.932116	-20.392996	-197.97958	103.111984	13753.108241558075
28	533.8699	109.81681	801.8782	382.4023	460.30273	36.00619	511.52167	409.14905	102.26316	84.1	55999	197.01543	104.07785	360.79144	-26.910654	197.01485	104.075096	362.1607	-25.069408	-4.6730056	4.916801	29.617386	-21.002653	-199.53278	99.86253	14232.313624858856
29	540.41296	125.38113	787.4153	321.02695	554.336	53.845497	631.8137	477.47513	103.7	102.0	57999	198.61668	104.37683	364.1804	-41.89832	198.61836	104.37213	364.57132	-30.224583	-4.6444345	4.909828	29.550125	-21.547024	-201.06407	98.81152	14714.050446987152
30	584.8928	128.72227	846.38806	339.37994	573.0732	90.40801	762.61237	453.63553	119.125	108.7	59999	200.17703	104.72394	365.6614	-23.182028	200.1774	104.71809	370.90308	-19.596575	-4.617517	4.8275046	30.309362	-20.896828	-202.54628	98.36403	15208.65550994873
31	594.13873	145.13629	918.36316	422.78287	521.4244	31.625097	581.74945	475.94653	117.611115	95.0	61999	201.32494	105.30307	377.64484	-24.808613	201.324	105.29781	371.67862	-27.317083	-4.732921	4.937678	29.638046	-19.545841	-203.6279	99.07574	15709.38456773758
32	548.2732	75.10378	695.78375	419.7524	540.35504	111.11182	744.7465	410.6688	107.388885	107.1	63999	203.18971	106.17979	374.236	-21.235388	203.1899	106.176094	373.61514	-34.917633	-4.5741878	5.043092	33.269802	-20.300932	-205.46431	100.00862	16210.465235471725
33	537.18365	109.05301	830.0009	354.21832	611.46875	146.3962	1030.4326	496.37903	109.1579	115.6	65999	204.47685	106.89865	376.78485	-23.33362	204.4785	106.90015	381.94977	-19.497915	-4.502339	5.002582	31.913929	-20.200298	-206.77501	102.44082	16715.57105731964
34	556.6384	144.14755	996.398	383.58093	488.79752	26.133057	554.78143	458.658	108.29412	91.6	67999	204.43706	107.47212	398.25165	-19.814497	204.43459	107.47147	397.8354	-21.340784	-4.5768623	5.0038733	31.334797	-20.217844	-206.71275	101.13187	17220.001406908035
35	602.2526	137.34984	936.5706	435.13785	460.9672	43.31911	549.7625	396.4161	118.5	86.3	69999	205.80266	107.46115	391.36694	-27.964724	205.804	107.45978	386.6084	-17.59978	-4.6886673	4.9196706	29.416647	-21.812614	-208.02933	103.39376	17726.215303897858
36	543.5205	111.50301	862.5196	342.87457	548.05164	81.24957	742.7184	472.36957	106.27778	100.5	71999	207.54694	108.25271	393.13235	-31.888208	207.54704	108.25005	406.06635	-42.63407	-4.634171	5.0462785	30.02435	-21.352833	-209.78015	101.21963	18242.27656173706
37	671.5272	150.48598	930.49603	401.56564	595.94275	117.31691	847.30334	482.1247	132.25	114.0	73999	208.91917	108.81876	428.80875	-22.398323	208.92006	108.818756	434.4739	-31.467749	-4.585381	5.0832577	33.935345	-20.42383	-211.07523	103.713425	18769.521967172623
38	560.71063	127.96835	942.54834	359.72946	489.0812	60.630905	595.6269	379.27182	110.05556	90.8	75999	210.16878	109.58132	399.5682	-65.47696	210.16705	109.582924	414.79	-44.270283	-4.428606	4.9847555	27.76227	-24.56654	-212.3071	104.006905	19328.96244597435
39	526.16	104.96203	910.5336	376.6497	462.48648	38.99256	550.12994	385.74152	101.89474	84.4	77999	211.31915	110.18179	393.47702	-19.278652	211.31894	110.17413	400.45435	-25.105436	-4.4272037	5.0590143	29.648476	-20.287601	-213.51744	106.59732	19842.085120916367
40	615.31067	189.25266	1198.6729	377.17856	521.1787	46.204815	575.1905	420.84906	122.35294	98.0	79999	213.02933	110.89658	405.4903	-19.072216	213.0291	110.89368	393.18433	-20.723782	-4.4048886	5.149657	28.685356	-19.635136	-215.21338	106.19712	20342.314942121506
41	613.83716	148.1942	957.48083	437.04108	542.43396	43.507736	621.02356	485.73593	122.5	101.4	81999	213.98764	111.8892	396.76288	-20.96196	213.98817	111.88304	398.32123	-40.851215	-4.4355106	5.1796823	29.012848	-21.527168	-216.09018	110.76364	20858.413625240326
42	652.8422	219.53722	1313.0752	458.68594	588.5987	82.51558	783.5681	479.93903	128.66667	113.3	83999	215.55818	112.6075	431.8236	-52.226776	215.55852	112.60499	400.4012	-85.49672	-4.5989876	5.169026	37.45589	-21.07704	-217.65825	112.41205	21384.893944740295
43	563.9549	121.635574	795.75104	398.6883	558.4058	124.27997	813.36426	443.67245	110.8421	105.2	85999	216.40105	112.743965	444.64807	-21.1129	216.40298	112.73696	434.82608	-24.139921	-4.6440263	5.0588675	31.891956	-21.618275	-218.43166	111.61348	21916.05583548546
44	585.2886	80.50038	737.6478	477.06793	568.0987	45.623207	653.5378	506.35907	117.8125	104.0	87999	217.9286	113.26193	470.01926	-28.59549	217.92957	113.25752	469.69485	-15.016014	-4.6130266	5.062596	29.870605	-20.472044	-220.02666	112.87851	22450.726512670517
45	594.9624	97.09849	785.09845	438.98502	519.2693	28.175287	562.23517	477.3271	116.70588	94.6	89999	219.16142	114.04978	452.44904	-24.940014	219.16245	114.04932	472.53812	-46.0711	-4.669722	5.0241556	31.5612	-21.393635	-221.19807	114.10832	22986.811398029327
46	658.7866	208.06529	1254.4172	418.15298	615.0228	67.25303	739.79553	516.4772	131.125	113.8	91999	220.92387	114.74754	470.83136	-16.792141	220.92212	114.741066	507.52084	-31.162418	-4.556596	5.048973	33.965904	-23.509943	-222.9423	113.78286	23508.128170251846
47	570.8007	77.238014	717.5921	399.92142	681.583	79.47695	782.3593	474.99658	111.47059	132.0	93999	221.254	115.35468	466.46896	-28.461197	221.25407	115.34916	465.3113	-20.508602	-4.567383	5.0915604	29.300806	-22.141018	-223.26941	113.53989	23985.94684791565
48	560.86017	92.211075	708.4057	398.4716	567.32654	51.959057	631.5792	448.59467	112.789474	113.5	95999	222.9689	115.78975	491.24667	-39.04939	222.97064	115.78818	477.61786	-52.732758	-4.622799	5.154087	28.147327	-23.440968	-224.96413	115.54072	24368.304604530334
49	592.59717	134.88434	1011.4234	423.91034	572.9821	102.17985	855.80225	488.039	117.0	111.2	97999	223.509	116.780716	492.0297	-34.076214	223.51036	116.7754	470.25705	-37.49057	-4.5702844	5.080772	30.285194	-21.082531	-225.55327	117.55896	24759.945993185043
50	531.0035	124.91639	861.98175	359.7165	519.405	99.16499	722.0565	412.79007	107.166664	100.8	99999	224.19272	117.53183	463.56232	-19.626495	224.19328	117.52732	486.1635	-22.793262	-4.7065477	5.039949	35.995037	-22.40113	-226.1505	119.91178	25149.46650314331
51	576.7016	107.83075	782.6978	404.43222	664.0736	89.86789	830.00684	543.02136	115.72222	125.5	101999	224.8745	117.74669	534.91895	-41.338062	224.87495	117.74407	511.85236	-46.176865	-4.7210035	5.009155	43.29285	-20.829046	-226.77992	122.71114	25522.350783109665
52	579.5512	99.153206	739.7747	419.5235	640.0415	176.8393	1015.58514	476.17203	116.0	122.9	103999	225.75294	117.871445	498.4854	-21.304594	225.75204	117.86946	504.57092	-37.336983	-4.920803	4.9925947	36.61707	-20.16314	-227.63652	122.19285	25918.086849451065
53	687.7848	196.11125	1189.1116	400.66626	580.2369	78.01922	784.2084	505.64346	136.35715	106.1	105999	225.77254	117.88769	487.70554	-25.267973	225.7724	117.88523	498.32822	-22.813826	-4.8698554	4.987104	38.299484	-20.470236	-227.63588	121.51915	26320.98458790779
54	627.81354	119.850044	888.88043	408.61914	638.47314	141.62466	1020.9502	511.68997	120.70588	121.6	107999	226.36385	117.83581	478.0462	-29.498777	226.3639	117.83455	483.91782	-23.176147	-4.9603972	4.97617	42.943893	-20.140312	-228.18428	121.10639	26709.309438467026
55	652.834	116.85627	872.7647	501.34027	594.2394	101.49417	755.6741	482.13568	131.8	110.3	109999	227.43929	117.67306	478.8654	-18.64255	227.43993	117.66838	483.3058	-28.158657	-4.8807697	4.9604025	30.944206	-19.719551	-229.1869	119.85884	27116.00214266777
56	728.2057	100.100395	905.124	586.9108	495.12173	50.416576	579.5386	418.88495	145.38461	93.7	111999	227.42989	117.98605	486.6794	-18.352386	227.4294	117.98118	478.31558	-19.67926	-4.855495	4.9678655	33.807323	-21.118525	-229.2415	118.89909	27523.83463907242
57	646.1251	207.89616	1234.3264	444.77524	572.4209	65.74385	667.55237	469.77835	126.411766	106.4	113999	227.85393	118.35688	496.36584	-36.853817	227.85481	118.352806	536.1104	-67.5285	-4.624393	5.1183844	38.145935	-21.0867	-229.73032	117.85297	27888.22892022133
58	654.43256	162.94478	960.12146	385.36862	610.2798	80.947685	794.11395	504.65125	130.33333	116.8	115999	229.14432	119.379326	470.03888	-28.02319	229.1442	119.37867	476.8934	-20.304214	-4.7403307	5.16642	30.903267	-20.220089	-230.972	117.33822	28190.829981565475
59	645.7567	143.32088	860.184	430.0332	555.21484	103.8854	774.55023	429.9365	128.4375	103.9	117999	230.58646	119.57243	459.48795	-21.856258	230.58464	119.569954	468.13123	-39.298916	-4.7120385	5.2025104	36.950577	-23.064104	-232.43295	119.5349	28449.784429311752
60	635.5769	175.88121	969.6211	389.91693	600.5017	105.01744	820.68915	452.48572	124.6875	114.1	119999	231.52895	119.71735	461.32422	-64.25902	231.53212	119.71652	463.1704	-33.369755	-4.677684	5.1004567	38.008663	-21.598915	-233.30428	120.204544	28680.654361009598
61	638.2745	114.58612	834.6932	466.71277	543.59125	23.326628	574.72455	497.048	126.4	101.3	121999	232.94373	119.666824	462.79422	-19.558853	232.9429	119.66459	475.94864	-20.476345	-4.567667	5.160666	38.941833	-20.527449	-234.76604	117.34328	28917.170954465866
62	767.91437	208.92735	1175.8372	502.98648	640.63635	68.15926	768.332	540.6893	149.28572	120.4	123999	233.19646	120.06554	515.08496	-22.752245	233.19781	120.064095	480.6706	-22.792099	-4.8140545	5.049361	36.746704	-22.36236	-234.94907	116.478836	29153.543937683105
63	634.01306	112.877945	810.69666	378.07074	604.318	66.02703	704.33386	534.1466	123.3125	113.2	125999	234.52705	120.2225	491.06674	-20.830454	234.5271	120.220024	502.9055	-33.26472	-4.770074	5.03552	35.301174	-19.370243	-236.29167	115.57383	29393.3448908329
64	673.28784	151.9809	953.4139	333.87323	839.13165	190.20578	1238.716	541.0378	129.8	165.3	127999	234.95312	120.87592	480.99237	-19.014923	234.95094	120.87464	469.2467	-56.87503	-4.8454366	5.0895147	36.481846	-21.09041	-236.71376	115.79964	29642.542763710022
65	692.4965	269.45505	1632.3423	476.4655	548.49536	41.826355	651.44684	497.05466	133.6875	100.8	129999	236.72812	121.22079	434.33176	-18.652586	236.7284	121.22213	446.06543	-16.904524	-4.56412	5.100882	31.04517	-20.82557	-238.51482	116.091385	29894.985183238983
66	617.9822	205.59723	1281.788	393.6902	604.0976	70.83566	755.67334	535.0845	121.875	115.4	131999	237.7949	121.93564	430.7423	-28.203695	237.79388	121.93654	433.19553	-32.099285	-4.7515874	5.058213	34.665222	-20.710733	-239.6043	114.83777	30142.009870290756
67	641.8975	137.98975	891.494	374.78958	614.00165	49.230778	697.93506	533.2819	127.8125	118.1	133999	238.849	122.02578	444.84344	-22.631294	238.8509	122.027954	439.54315	-28.643919	-4.7940392	5.0572934	33.282593	-19.93871	-240.64983	114.037346	30386.25248479843
68	650.2587	145.4245	888.9733	385.73886	584.4873	89.720474	814.5432	495.87418	133.14285	108.8	135999	239.1232	122.70085	501.15152	-25.931784	239.1243	122.703835	480.85443	-17.067507	-4.677323	5.119832	42.50819	-22.625526	-240.92456	117.43955	30635.45236825943
69	611.8132	97.95585	770.7433	438.8878	590.69403	111.68716	843.1815	489.69168	115.72222	111.2	137999	240.01344	123.24026	448.04562	-16.998022	240.01173	123.241745	461.93073	-22.930534	-4.6564035	5.1175003	37.175888	-20.79551	-241.786	118.04684	30880.764490365982
70	657.19696	103.580666	842.2746	486.24603	610.2	66.87319	749.9981	490.3477	127.3125	113.6	139999	241.42308	123.40001	448.80154	-39.19659	241.42352	123.39863	436.54733	-40.310726	-4.524498	5.148401	34.165485	-19.176727	-243.16595	121.295876	31126.572098493576
71	605.96985	99.26696	792.3721	470.21838	691.85657	127.16579	1011.2602	502.8919	119.0	138.3	141999	241.8113	123.6263	478.82422	-24.072845	241.81004	123.62738	472.2015	-25.574392	-4.8141255	5.0572677	36.67844	-21.718575	-243.53915	118.91934	31370.613862276077
72	616.1648	159.57114	993.2245	387.63065	532.6212	37.593594	627.3746	496.12628	122.25	97.4	143999	243.13432	124.293594	467.68738	-59.981342	243.13448	124.29315	453.24042	-47.88659	-4.7185173	5.094054	31.808113	-20.465965	-244.90541	119.84553	31629.393488645554
73	616.74005	105.664986	919.78705	470.0574	656.42896	115.77183	945.56256	566.82086	119.35294	129.5	145999	243.03548	124.3951	430.70648	-27.044006	243.03523	124.393684	439.45016	-23.360472	-4.7856607	5.028326	43.088264	-22.228397	-244.72331	119.28792	31871.10448694229
74	643.2331	95.36396	793.6266	432.80035	621.6572	50.369873	693.8157	538.53613	122.375	116.2	147999	243.57227	124.715454	443.82806	-22.509495	243.57332	124.71825	466.71	-27.617363	-4.6665664	5.157925	37.34041	-23.080067	-245.29285	119.56289	32108.141486167908
75	636.02466	88.31413	765.46045	452.42825	601.1957	104.6439	854.03687	499.26733	125.3125	113.5	149999	244.51659	124.97491	447.65985	-29.45389	244.51495	124.97761	475.20624	-29.91909	-4.662195	5.0800185	37.00734	-21.173851	-246.24306	119.99265	32352.811544179916
76	651.25745	123.349594	876.5848	464.7112	523.7484	63.711338	616.682	414.88364	127.066666	98.0	151999	244.67393	125.07145	502.8296	-21.080853	244.67372	125.07372	464.2134	-16.496996	-4.693693	4.9961443	45.81004	-20.70557	-246.33247	121.87448	32607.50536942482
77	751.4456	204.96912	1300.3373	472.22537	565.9624	28.414843	613.3376	526.57837	149.07143	107.4	153999	244.98412	125.52287	450.24234	-28.18976	244.98524	125.52218	449.96222	-23.715004	-4.4586954	5.0736485	37.00177	-20.908533	-246.62634	122.24492	32866.83501839638
78	678.3097	146.84038	1019.524	483.8072	671.2734	209.60287	1245.6683	496.50058	135.46666	129.0	155999	245.3601	125.13853	472.11505	-24.340012	245.36053	125.13857	508.88315	-14.970676	-4.6882186	5.0263686	33.342094	-19.905903	-246.98312	122.76194	33126.12080645561
79	747.5102	167.68063	1040.8479	438.82205	565.7765	31.353739	623.0213	513.7172	144.5	105.4	157999	245.45998	124.681725	484.3509	-35.841873	245.45879	124.68157	513.8513	-16.974382	-4.5679083	5.0564494	45.117332	-21.051102	-247.1046	121.81959	33389.958391189575
80	722.3918	121.9155	935.7522	507.50217	746.27167	220.39992	1265.9458	462.74603	141.71428	147.6	159999	246.01732	124.64091	472.24896	-41.29006	246.01784	124.643	471.62473	-22.834349	-4.5730505	5.081461	36.688313	-20.835941	-247.68803	120.453156	33649.515928030014
81	609.99615	247.38828	1353.8568	350.23447	667.1942	103.203354	930.5446	550.39246	123.0625	125.4	161999	246.39635	125.028015	484.87637	-27.217075	246.39719	125.02953	459.4929	-20.320354	-4.811614	4.988723	39.36511	-21.823498	-247.98157	120.57549	33904.5771214962
82	691.4656	206.60857	1272.284	485.28735	512.58167	83.580444	633.37384	389.81888	130.46666	94.5	163999	246.27394	124.907646	469.18735	-18.81166	246.27344	124.912224	478.503	-24.260195	-4.825636	5.0187716	39.581947	-21.491837	-247.83646	121.06241	34148.38505578041
83	661.2006	144.68954	991.60364	443.45294	622.90375	70.47132	721.3607	517.0863	128.125	116.7	165999	246.00526	124.836174	514.2811	-20.4955	246.00516	124.8386	479.9077	-16.675295	-4.776791	5.0277305	39.935814	-20.816086	-247.51334	122.39408	34398.826217889786
84	686.42584	133.26077	879.21454	452.65906	600.9662	42.523754	713.56586	551.1404	132.26666	112.2	167999	246.08168	124.44834	475.40826	-16.086828	246.08322	124.448105	499.54065	-27.785921	-4.6874623	5.020267	38.150284	-21.276901	-247.65524	119.07395	34636.89831805229
85	642.8262	167.13828	989.7348	396.85397	615.1557	82.453545	832.4108	539.55817	124.0625	114.7	169999	247.02129	124.61497	513.1346	-22.325802	247.02014	124.61805	524.7832	-26.098831	-4.6244698	4.9263396	36.104847	-21.461737	-248.58662	120.00015	34901.70440340042
86	619.899	113.705635	894.36835	432.406	621.8925	61.61854	729.8543	537.85474	118.0	117.8	171999	247.5741	124.58719	470.9675	-26.405949	247.57532	124.59027	482.1268	-25.469336	-5.0182333	4.750247	36.135296	-20.268925	-249.09137	116.58089	35165.33094739914
87	776.5338	225.96654	1318.9965	367.64932	742.0054	161.18684	1188.8151	582.55383	155.0	141.9	173999	247.41292	124.91551	453.34076	-30.022873	247.41463	124.91668	460.3025	-46.30428	-4.7961555	4.8566275	44.007492	-21.149616	-248.94728	116.946625	35423.88688349724
88	700.3878	122.46864	922.2833	480.48517	573.23737	38.7155	651.2439	518.7377	135.64285	106.9	175999	248.47318	124.734955	457.99496	-31.33219	248.47308	124.73891	438.44135	-20.59582	-4.8066764	4.8036213	35.09308	-22.426338	-250.00063	116.47358	35671.81668162346
89	818.2349	195.46968	1278.2823	591.2681	609.1202	98.86247	806.1214	489.18613	165.16667	115.8	177999	248.4926	124.681244	430.48343	-16.716328	248.49278	124.68164	432.4464	-25.439068	-4.8291245	4.8640137	37.781326	-21.92773	-250.00122	116.437485	35917.35908651352
90	796.3439	154.58296	1000.55194	566.74475	689.5287	199.97789	1190.5134	536.37006	154.6923	133.6	179999	249.30125	125.17023	432.9659	-23.23976	249.30142	125.17076	434.6344	-45.640804	-4.732395	4.8571744	34.893715	-19.996733	-250.76181	114.946106	36164.868691921234
91	806.8397	180.40402	1276.1456	538.1717	619.11194	42.14476	704.2207	563.8607	158.46153	114.5	181999	250.32782	125.103584	433.35187	-42.497513	250.33046	125.104576	433.1569	-25.30535	-4.8936615	4.778135	44.191944	-20.14473	-251.79259	114.6687	36412.97777271271
92	827.36145	156.21773	1129.667	545.7289	724.5997	131.09468	969.66425	492.4382	157.38461	144.9	183999	250.83174	125.27038	435.01056	-32.081898	250.83186	125.2733	436.4461	-23.867783	-4.7262692	4.895137	44.52193	-21.632654	-252.35272	113.161	36663.514602184296
93	800.17633	213.08072	1192.8895	491.82565	601.4977	60.992294	699.90375	463.56738	155.23077	115.9	185999	251.3289	125.18747	433.28317	-13.652395	251.3284	125.19028	434.8737	-17.54838	-4.6774755	4.886668	33.783157	-20.263538	-252.86494	115.63236	36913.25067472458
94	758.4512	155.47752	1061.2906	552.06934	579.1415	26.439167	647.4281	552.56287	148.6923	105.5	187999	251.8791	125.9063	439.0708	-76.09165	251.87991	125.908875	435.255	-33.5104	-4.6773434	4.890766	38.957237	-19.874231	-253.36449	116.77367	37166.20703101158
95	778.93195	163.49303	1054.8141	522.77454	636.9177	79.39989	833.64746	534.9873	150.15384	117.7	189999	252.63118	126.14019	436.85696	-36.401653	252.63232	126.1429	436.3571	-29.733704	-4.4676714	4.9440107	38.95337	-22.697449	-254.13588	117.06302	37413.172699689865
96	897.8061	236.51367	1301.1123	485.59586	720.076	90.80756	841.60956	579.2905	175.25	136.8	191999	253.51794	126.64748	448.94214	-13.067595	253.51828	126.65079	436.53583	-20.619987	-4.638441	4.9180574	36.446957	-21.953894	-255.02943	116.26153	37661.00300550461
97	795.1727	204.03993	1097.3693	421.99512	560.40704	75.81408	648.5532	411.41003	152.3077	111.7	193999	253.86658	126.66447	439.68896	-17.204193	253.86623	126.66801	441.2751	-17.1767	-4.6259594	4.9604974	40.37984	-20.338295	-255.33658	115.77785	37909.23326635361
98	967.5963	241.6245	1475.0156	579.52454	725.7744	78.69819	887.3994	644.2883	184.5	137.4	195999	254.73264	126.49935	457.9895	-26.685696	254.73338	126.50278	453.46744	-31.14981	-4.5888715	4.926975	40.10338	-19.99446	-256.241	115.14401	38156.64676308632
99	781.5523	210.55412	1294.6392	509.93915	634.0408	51.878525	724.5296	554.03455	148.92857	116.2	197999	256.3611	126.707115	494.54626	-21.895517	256.36313	126.711205	523.10175	-21.635864	-4.7142725	4.940043	36.88447	-21.582693	-257.84265	115.01023	38403.67184138298
100	927.0616	263.04968	1394.0822	541.91296	623.5055	173.9186	1022.7202	459.89426	175.54546	124.3	199999	257.10544	127.26231	499.82632	-28.206898	257.10562	127.26569	492.65573	-20.898157	-4.580795	4.989685	40.811676	-21.221855	-258.6046	117.37926	38650.46558213234
101	913.6359	293.66602	1653.5677	603.3122	553.02765	24.42958	613.2454	522.35486	179.16667	101.3	201999	258.07227	127.816696	533.0822	-19.743225	258.0725	127.82053	535.1682	-25.126532	-4.3620086	5.0480714	48.968506	-20.14244	-259.58337	119.56642	38898.328001499176
102	878.2018	204.82042	1232.03	599.38074	658.2281	80.67158	850.7057	543.9113	171.54546	124.6	203999	258.75616	128.54657	576.0823	-23.408121	258.75653	128.55127	604.9436	-39.85266	-4.253976	5.164354	60.02223	-22.51067	-260.29065	122.35028	39146.80084013939
103	1045.3102	463.55743	2080.9802	439.21655	712.22784	133.69478	1077.7299	602.0725	203.2	132.5	205999	260.47983	129.22835	736.2485	-21.288454	260.48114	129.23338	712.93695	-20.690384	-4.169448	5.234998	62.695183	-20.235867	-262.02536	126.062775	39396.7677218914
104	833.2554	159.58719	1228.7842	636.39246	736.9913	134.31398	1016.68256	535.9237	162.83333	136.9	207999	262.44797	129.83916	857.05945	-17.921022	262.4484	129.84598	817.73267	-18.259905	-4.318642	5.3724546	78.04622	-22.969208	-263.95087	137.91982	39651.268691539764
105	884.40546	193.09851	1194.6075	555.81116	683.07733	161.46811	1121.7963	541.2487	177.58333	131.0	209999	263.24646	130.8502	926.94403	-24.38614	263.24658	130.85919	905.7732	-50.6151	-4.3420444	5.35991	78.65016	-20.044	-264.69547	143.94734	39899.49548649788
106	987.0672	333.65085	1832.4448	552.96375	773.8798	276.1218	1436.5752	455.88467	195.2	152.6	211999	263.9225	131.34074	958.1821	-24.94578	263.92273	131.34065	987.4789	-19.963385	-4.2244406	5.374157	71.131546	-20.569809	-265.4062	152.34535	40148.41857671738
107	985.29706	310.47827	1656.541	625.7538	745.0716	213.17091	1341.5975	588.9506	195.6	144.2	213999	264.74988	132.73656	1118.9143	-54.67284	264.75146	132.74205	1107.6973	-52.429905	-4.021826	5.5396748	82.92745	-21.522257	-266.27676	158.92531	40402.927594184875
108	725.7247	265.57892	1198.0012	339.10748	783.95984	170.40904	1116.1912	575.3908	146.71428	154.8	215999	267.85376	134.06682	1108.2479	-22.016523	267.8528	134.07994	1091.7052	-51.65962	-3.9433985	5.6632695	77.82273	-20.585732	-269.42117	171.28717	40655.75039482117
109	786.9544	267.6312	1460.8116	585.2864	588.6334	108.107666	777.9594	424.46704	156.6923	118.6	217999	269.78867	136.6505	1288.5801	-30.755722	269.7896	136.6504	1269.5308	-25.11025	-3.8545976	5.7436643	86.59533	-19.940804	-271.3562	201.54314	40901.112407684326
110	575.09875	220.76508	1010.238	212.58112	458.48883	126.896805	635.587	268.54282	115.29412	93.1	219999	272.4456	138.4144	1170.2852	-25.14429	272.44745	138.4131	1191.7734	-50.065357	-3.6932988	5.4429054	74.05084	-21.488823	-274.06424	202.17041	41147.655198812485
111	627.4895	132.54639	876.4659	442.19946	451.5248	45.38155	571.7414	405.59866	123.5625	86.2	221999	274.30695	140.31935	1016.9923	-34.778572	274.3066	140.32835	1110.9733	-40.083885	-3.9600956	5.2257175	41.147358	-20.041363	-275.97424	181.62794	41397.53494119644
112	628.306	158.48341	958.83344	383.2996	436.70923	30.538513	485.1953	404.02094	122.47059	79.0	223999	275.07974	141.19746	921.9682	-35.125	275.0788	141.20952	941.0306	-71.15265	-3.8547547	5.10273	35.18403	-22.954067	-276.77518	166.26633	41644.177156448364
113	790.7718	205.00534	1272.2794	531.67206	497.84708	69.21622	659.07556	411.93857	154.16667	93.4	225999	274.75787	141.91058	746.8332	-32.13601	274.75787	141.91684	758.5917	-24.319004	-3.928499	5.0812893	35.68811	-21.315071	-276.41605	159.88869	41891.59343624115
114	736.1762	297.72385	1481.3953	476.07068	586.67444	71.35825	719.54407	492.5617	137.86667	110.0	227999	275.16092	141.9088	709.8995	-67.64206	275.16162	141.9131	700.4925	-52.808956	-3.790949	5.0919733	46.001034	-21.139126	-276.79364	156.76137	42137.56931376457
115	838.7807	315.68286	1588.5414	505.7493	579.65424	35.706112	618.43756	480.8783	159.92308	107.5	229999	274.29034	141.36209	696.4418	-23.922634	274.28937	141.36778	692.8726	-34.04717	-3.6646602	5.1458025	37.49638	-21.006903	-275.92975	158.61378	42387.51461100578
116	777.0872	226.80249	1164.2911	438.17545	569.9551	44.33043	655.3387	530.2674	151.0	105.0	231999	274.8037	141.10616	702.7281	-59.824245	274.80322	141.11456	738.2847	-72.07316	-3.386411	5.276733	41.43727	-21.472572	-276.46988	159.718	42636.3618388176
117	741.1939	181.2196	1111.6627	466.45093	530.7021	93.209145	761.03644	447.72357	142.64285	98.1	233999	276.1263	141.19572	680.9101	-71.856575	276.12488	141.20547	692.0109	-44.895992	-3.360427	5.3170495	41.990314	-20.141178	-277.80774	159.67679	42884.171417713165
118	809.27496	211.51994	1180.1189	480.7036	677.31647	144.90413	1057.2145	566.418	153.3077	125.7	235999	275.27634	140.96263	715.0675	-69.0931	275.27768	140.9648	694.5696	-74.799194	-3.557364	5.2411814	42.143356	-20.08487	-276.95355	157.05194	43130.01730489731
119	1048.8157	338.7324	1891.0872	650.0465	670.93585	78.431755	804.5733	536.32794	201.1	126.7	237999	275.4241	140.08977	666.9683	-63.196144	275.42487	140.09686	703.0023	-72.19771	-3.62662	5.240704	36.936485	-21.86198	-277.0535	154.20537	43383.336503982544
120	1021.371	265.09433	1402.0737	675.7889	805.1271	176.74553	1039.9104	533.5379	204.44444	155.2	239999	275.71985	139.6302	705.6636	-78.77294	275.71967	139.63446	768.7033	-60.512283	-3.679772	5.2017283	38.653854	-19.792847	-277.3676	150.75331	43634.605298280716
121	1062.5806	323.2465	1853.196	775.855	680.56024	62.194416	744.7249	520.25	209.6	132.1	241999	276.97998	139.42592	825.11523	-32.53279	276.9783	139.43173	857.6763	-38.604797	-3.7302341	5.2188926	39.735825	-22.33662	-278.6038	150.08746	43886.44668388367
122	1129.9485	420.06815	2008.348	494.40256	754.62213	164.73418	1151.3602	573.7682	222.55556	139.6	243999	276.9829	139.14032	751.0307	-33.461246	276.98447	139.14508	744.3232	-42.123257	-3.8508656	5.177158	34.940548	-20.804188	-278.57108	145.31943	44133.21720075607
123	1034.875	316.5086	1550.9073	520.6777	1127.3845	413.8732	2111.8906	762.9833	202.1	219.1	245999	276.87234	139.40433	805.7756	-34.25521	276.8736	139.40791	869.0215	-66.80354	-3.9103231	5.100148	37.691414	-20.16609	-278.3998	147.32576	44383.95050859451
124	1185.2317	235.63153	1575.449	820.0265	812.1717	166.55235	1073.51	475.1391	234.375	153.0	247999	276.89725	139.18689	779.7446	-37.38212	276.89594	139.19391	782.41394	-35.209175	-3.761248	5.130359	36.187172	-19.44756	-278.46222	145.57227	44634.636709690094
125	1156.8433	384.33765	1952.3667	820.8758	635.86206	88.084	759.6798	442.89954	227.0	126.0	249999	277.34656	139.45566	788.17255	-32.38291	277.3471	139.46143	747.8348	-22.38711	-3.8407779	5.127983	41.165527	-22.15976	-278.90652	146.51851	44894.60142016411
126	1359.3859	796.0094	2943.7695	706.45074	981.38586	208.95284	1373.9594	664.03186	270.2857	190.6	251999	278.66122	139.0947	739.82965	-20.179667	278.66013	139.10011	728.84106	-21.571781	-3.9847953	5.1105547	37.83059	-19.9668	-280.21786	144.53975	45146.656229496
127	1568.4303	564.52844	2619.3513	741.32837	1318.8973	760.0724	3016.161	548.6013	304.0	260.2	253999	278.87634	139.64691	700.5329	-39.91878	278.8788	139.64911	755.4022	-37.192387	-3.8306518	5.1132393	32.10324	-21.868942	-280.43176	142.4911	45401.115918159485
128	1764.0165	984.18286	3816.1624	715.4479	1060.8903	133.5757	1274.1984	839.52234	341.16666	203.2	255999	280.95853	139.77075	756.9853	-16.570913	280.95767	139.77533	738.6623	-46.180275	-3.7096303	5.219198	35.421417	-20.305815	-282.58087	144.03221	45652.00236225128
129	1147.4663	172.31827	1438.3813	940.5666	971.9401	364.3334	1657.5635	570.18274	224.55556	183.9	257999	282.5327	140.42169	767.44275	-18.72127	282.53235	140.42737	760.89526	-16.539543	-3.724124	5.1961403	38.59795	-20.380234	-284.19965	144.13109	45903.04017686844
130	1527.3926	607.4886	2588.0	667.27466	1170.1729	307.86697	1636.9792	717.56464	304.16666	219.7	259999	283.67313	141.45947	742.3642	-51.333904	283.67337	141.46394	744.59644	-91.545296	-3.6128545	5.20395	38.40171	-19.211845	-285.27512	143.73773	46155.30782318115
131	1255.2324	404.51788	1873.6915	603.3983	2412.9514	1301.8517	5239.3276	885.05444	245.875	457.2	261999	285.7254	141.98343	713.69617	-31.233982	285.7254	141.98792	681.806	-37.33408	-3.7044575	5.145387	34.183464	-20.109697	-287.3602	143.24362	46419.730351924896
132	1709.7529	383.62772	2351.5435	1066.0786	3264.2234	1547.9772	5251.251	1245.9855	335.5	618.3	263999	286.35205	142.56885	761.81366	-57.570396	286.353	142.57526	756.30725	-18.931463	-3.646602	5.204828	36.36617	-21.769678	-287.9895	149.07762	46688.60919737816
133	2011.8662	1250.2091	3998.921	496.5916	926.0294	353.93344	1674.8916	596.0857	398.0	182.2	265999	288.53925	143.35915	758.04456	-23.52554	288.53967	143.36641	732.67535	-23.454975	-3.5874813	5.3072667	34.10495	-22.561169	-290.20868	149.24922	46940.68885612488
134	1960.719	833.62427	3221.3645	618.26526	1991.4099	839.98474	3229.39	946.98676	380.4	388.3	267999	290.26227	144.24098	729.5472	-19.675898	290.25952	144.24556	728.6692	-34.907898	-3.7283	5.280389	34.40402	-20.332731	-291.88583	149.22427	47203.87026023865
135	2897.3584	158.37433	3116.905	2749.2046	727.8114	125.98655	964.15326	579.2442	565.6667	136.9	269999	291.85632	145.42459	793.85724	-24.581488	291.8586	145.42282	759.7014	-28.963844	-3.4450176	5.3965826	35.03605	-22.455938	-293.56293	151.69539	47457.78291463852
136	2341.5898	1379.0944	4587.588	1049.776	1389.9243	335.19348	2328.6575	1123.6559	453.0	262.9	271999	294.66043	146.53455	803.1618	-50.31404	294.6604	146.53777	759.8787	-50.09068	-3.2905774	5.523964	38.101765	-21.943298	-296.42615	156.54997	47719.95008993149
137	1985.4995	844.885	3339.364	990.68823	1480.2246	1092.7032	3887.235	744.2798	393.16666	280.9	273999	296.71472	147.51544	658.9652	-44.891487	296.7162	147.51746	691.33026	-33.503227	-3.268038	5.498611	36.446247	-20.621655	-298.43826	156.0886	47983.27655386925
138	1453.8136	728.71704	2581.995	773.86285	3111.4304	680.12524	4522.826	2157.9333	290.16666	595.9	275999	297.55487	148.63518	644.52386	-60.517555	297.55453	148.6337	685.47174	-35.258358	-3.3355844	5.482113	40.149113	-19.32055	-299.25818	160.51672	48251.05635094643
139	1834.1259	591.47614	2816.2327	968.2069	2517.433	1825.3033	5201.19	674.6255	361.83334	486.6	277999	300.2395	149.99869	659.66565	-26.572588	300.23856	150.00133	669.5727	-35.59515	-3.1476855	5.5398846	37.08607	-20.745743	-302.05112	161.87616	48503.53715324402
140	1396.1849	705.5898	2703.7983	698.3716	922.2801	87.54248	1014.8433	697.1754	277.0	177.5	279999	301.81357	151.66498	637.2725	-27.174044	301.81555	151.6706	670.8622	-21.403801	-3.2431853	5.553922	43.622414	-21.417301	-303.5974	165.5399	48751.01294136047
141	3793.9268	1206.1588	5000.0854	2587.7678	1142.3489	154.52914	1400.8363	883.8003	748.5	214.8	281999	304.9208	152.24356	805.7223	-33.363033	304.9192	152.25122	719.35785	-28.865526	-3.1675115	5.6105247	36.656418	-20.05849	-306.66806	170.31346	48986.91254687309
142	2429.995	1458.7886	5142.461	974.5191	4931.003	804.849	5252.818	2545.6921	476.0	940.6	283999	306.35107	152.9682	663.9901	-28.514912	306.35095	152.968	654.8515	-30.331799	-2.947505	5.655549	40.76554	-21.602161	-308.13205	169.54971	49254.396478414536
143	1993.9613	818.0758	3385.0112	610.84393	2756.408	1929.989	5197.325	776.6803	390.66666	529.7	285999	308.54013	154.15225	665.37616	-28.240067	308.5408	154.15924	703.3843	-26.678972	-2.8263893	5.6949472	41.99099	-22.25638	-310.35614	174.13034	49510.01199889183
144	2200.5913	1326.2507	4492.354	1299.111	5269.124	10.098087	5285.69	5255.92	436.5	1000.0	287999	309.40656	155.08661	625.4904	-56.640957	309.40536	155.09027	625.6029	-57.014416	-2.8400838	5.691585	38.2989	-21.727274	-311.23926	177.6366	49785.28472971916
145	3831.3816	1813.1987	5122.604	1267.1526	1236.0668	289.123	1812.825	823.6523	754.6667	233.1	289999	312.2217	156.10683	619.16534	-38.28943	312.22266	156.11264	621.8496	-27.277378	-2.8021176	5.782622	39.052895	-21.677532	-314.09158	176.80127	50050.36360144615
146	2561.584	955.5358	3750.635	1411.0089	2208.1375	1564.3616	5249.7617	933.3798	498.66666	418.0	291999	314.83463	157.16023	648.9937	-47.897003	314.83484	157.1591	614.38086	-41.687355	-2.7902946	5.911825	43.59958	-21.344666	-316.71576	178.60849	50317.74954748154
147	2452.1982	1235.6849	4853.008	1322.6168	2432.515	1225.9597	4512.334	1091.6416	472.4	469.6	293999	316.92966	158.13387	611.1135	-62.121166	316.9306	158.13536	621.7817	-52.827965	-2.762463	5.880419	48.322117	-20.862177	-318.83325	186.38966	50584.64817070961
148	4172.354	935.80334	5108.157	3236.5505	2110.2395	1601.6599	5250.369	737.7339	807.0	402.9	295999	318.45572	159.39047	588.00366	-89.58169	318.45593	159.3973	607.9607	-38.021126	-2.773104	6.0381837	52.478935	-20.232306	-320.351	187.39581	50853.98507523537
149	1796.4071	1081.7479	4317.8467	904.2289	2351.2173	1948.3859	5267.9785	676.8514	351.2857	447.7	297999	320.22345	160.50519	686.74084	-47.442448	320.2234	160.50645	617.6393	-29.316442	-2.6821153	5.990741	47.181313	-22.134811	-322.0848	190.15472	51120.48913359642
150	1908.8783	837.9867	2867.0652	689.2875	813.4112	62.833477	920.6647	745.6588	375.16666	152.9	299999	322.6935	161.40695	607.9949	-26.680252	322.69293	161.41132	612.0838	-38.32462	-2.460604	6.2498045	55.879772	-19.824688	-324.6462	195.02264	51384.2340900898
151	1669.4518	510.6082	2548.457	969.29565	3792.834	1391.1902	5163.5596	1760.7345	328.2	733.4	301999	324.79605	162.50832	623.4625	-56.4422	324.79507	162.51547	638.85046	-51.350513	-2.5977864	6.146938	53.5789	-21.317112	-326.68317	199.17598	51662.0221118927
152	2269.3105	804.1688	3578.8005	1547.3054	3216.1323	1447.794	5129.7134	1086.7433	442.25	631.5	303999	325.9568	163.71422	604.6109	-42.309345	325.9568	163.72029	598.8529	-70.58796	-2.5947154	6.142677	42.611393	-21.309914	-327.82938	195.86116	51922.04030704498
153	2458.237	1319.1844	5087.9956	1645.3403	4521.288	1038.6178	5149.4517	1948.3389	491.2	882.3	305999	327.26434	164.74571	631.0713	-29.834682	327.2664	164.74477	631.6831	-34.508087	-2.674217	6.173006	47.453156	-22.15089	-329.1557	201.7912	52187.29319190979
154	1583.7672	691.64575	2887.4822	1021.6757	5175.67	2.7462113	5181.016	5172.561	315.5	1000.0	307999	329.06497	165.61752	583.81	-49.58776	329.0635	165.62567	596.5795	-33.846745	-2.5908942	6.2177763	45.405083	-21.777575	-331.0115	204.04045	52458.18234229088
155	3383.074	1355.1384	5079.767	1763.0253	2758.32	1205.6096	5185.35	1243.2108	664.3333	530.6	309999	331.5788	166.74889	637.5898	-29.750004	331.58154	166.74834	633.6253	-29.179186	-2.4534757	6.3508697	46.02386	-20.460064	-333.5867	206.12547	52713.410438776016
156	1754.0863	1003.6831	3853.0518	739.5468	2607.3003	1244.8918	5292.644	1336.2073	349.16666	494.4	311999	333.07446	167.78162	617.728	-22.402985	333.0734	167.78467	606.70074	-26.860365	-2.5200448	6.3311725	51.437958	-19.163591	-335.02805	206.06232	52968.91033387184
157	2561.1282	1195.0378	3515.9795	876.07367	3024.511	1929.2432	5204.954	934.0036	503.0	579.6	313999	335.1735	168.65248	620.72626	-41.926064	335.17267	168.65219	625.11145	-41.955257	-2.5497105	6.3888493	50.433598	-19.735104	-337.14133	209.6897	53318.032544612885
158	2621.7766	1782.497	5167.914	956.7588	1001.5671	647.2452	2908.8503	607.8515	509.6	187.0	315999	337.3366	169.18639	641.09125	-36.066353	337.33707	169.1908	618.28546	-37.688694	-2.6487613	6.3459496	47.63939	-20.662064	-339.2937	209.02332	53983.688361644745
159	1687.16	828.5903	3487.0244	946.04224	2783.2983	1848.9698	5203.6855	927.91656	325.16666	532.7	317999	338.98016	170.10223	594.0866	-39.658886	338.9821	170.10754	611.7003	-52.495144	-2.4045577	6.340424	43.608757	-23.555475	-340.93137	214.80722	54896.20678973198
160	1796.7606	513.8445	2451.7576	1056.7488	2814.8647	1294.4069	5177.7915	1206.6392	352.5	539.6	319999	339.80493	170.94078	660.21265	-30.94592	339.80756	170.93991	690.5205	-36.780216	-2.4670284	6.4518313	53.344524	-21.599628	-341.74857	220.9506	55804.578301906586
161	2027.3649	387.7969	2529.3538	1585.0984	4288.7827	1394.6144	5254.496	1602.6791	400.66666	823.9	321999	342.0326	171.67001	654.21124	-23.88829	342.03192	171.66708	669.5797	-27.01293	-2.30083	6.562169	50.48142	-22.6464	-344.02036	221.0102	56452.69728016853
162	2955.826	1396.265	5113.379	987.7267	2490.9946	1710.2198	5090.7686	984.6955	574.6	484.2	323999	343.52155	172.34476	680.8081	-23.449621	343.5205	172.35143	667.6568	-21.013	-2.1731837	6.4860635	49.28261	-19.892342	-345.4611	219.75253	57250.81993818283
163	2027.6168	620.3013	3091.9675	1178.9507	1357.4452	882.61316	3830.6072	844.1441	393.8	257.2	325999	344.93973	173.06418	706.7513	-31.771759	344.9401	173.06563	718.61414	-33.918266	-2.1805239	6.596925	56.886536	-20.800442	-346.98135	220.96234	58079.79626202583
164	1694.7207	762.3833	2967.539	635.75244	3061.8853	724.572	4191.689	2101.2102	338.4	590.2	327999	347.37	173.74365	735.286	-47.235176	347.3738	173.74263	750.2398	-42.524307	-2.0988219	6.6867614	61.52413	-19.770145	-349.36847	226.13495	58945.52873182297
165	1667.2906	742.16345	3100.205	1011.6006	3609.8687	1353.3258	5205.9136	1677.7009	327.7143	698.7	329999	347.65012	175.24666	775.50494	-35.503242	347.64856	175.24768	738.7253	-52.51685	-2.0783846	6.580404	72.08673	-21.42268	-349.60333	239.47585	59869.39976978302
166	2008.1305	1157.2552	3893.353	854.1908	1188.9796	256.0732	1792.5892	904.54126	394.2	222.7	331999	349.98016	175.6608	772.5251	-20.63818	349.98013	175.66263	795.96875	-29.15918	-2.23344	6.772636	72.01128	-20.429056	-351.97446	245.24217	60782.98474240303
167	1518.1061	1209.0735	4091.9927	341.9237	3699.8433	1552.7073	5228.032	1092.3713	294.7143	707.1	333999	350.48236	176.0645	855.0885	-41.843086	350.48303	176.06139	837.8071	-30.480545	-2.1011052	6.834384	67.05552	-21.25301	-352.52173	243.74734	61780.571860313416
168	1204.6927	1021.52386	3399.1606	358.73727	1196.102	537.10046	2071.0247	672.83704	240.5	223.8	335999	352.3311	176.41098	733.6778	-28.426743	352.33173	176.41147	750.0942	-31.319948	-2.2337182	6.7118807	48.15763	-21.002699	-354.3472	241.47986	62693.54415345192
169	2052.6658	1345.244	3895.3975	534.80566	2526.4612	986.99146	5199.843	1624.911	397.83334	481.3	337999	352.4842	177.0802	638.12933	-20.489985	352.48187	177.08128	623.2518	-32.043564	-2.3597064	6.42328	42.64979	-20.830423	-354.4755	229.98718	63591.12965512276
170	2722.557	713.4147	3375.4006	1729.9617	1315.071	753.39124	3330.5906	700.9937	547.0	248.9	339999	353.7004	177.39833	611.6303	-41.688377	353.703	177.39333	598.8032	-30.674595	-2.247941	6.2854786	51.49469	-20.775723	-355.64337	229.72112	64475.84693193436
171	4055.0916	706.5728	5027.3086	3369.0752	2463.27	1491.8013	5279.3906	866.16425	797.6667	463.1	341999	354.1086	177.86185	611.6487	-25.81875	354.11005	177.86128	605.8815	-23.890455	-2.0221534	6.3107295	44.50757	-20.102707	-356.1024	234.46634	65410.61845302582
172	1951.699	937.6849	3794.8616	1171.7572	2478.944	1330.8259	4099.295	808.89923	383.4	478.8	343999	356.25327	178.14714	561.5192	-19.016422	356.25452	178.14516	572.1347	-21.28839	-1.6710235	6.420432	43.221848	-20.243694	-358.31787	232.3481	66339.56046962738
173	2640.173	1589.5684	5114.565	884.1187	5142.71	21.962624	5175.942	5111.1274	521.75	1000.0	345999	357.11084	178.69214	640.00946	-27.71076	357.11127	178.69695	604.3847	-38.89241	-1.9629213	6.3189006	48.095116	-20.796791	-359.0585	233.07834	67352.04918432236
174	3202.8293	1231.881	4928.835	2134.95	4686.505	1285.7981	5144.9966	829.3169	634.0	917.4	347999	358.11804	178.97702	636.0013	-25.272326	358.11948	178.97649	613.5354	-33.437927	-1.9207573	6.4451895	47.225456	-20.629414	-360.101	240.08394	68374.22808027267
175	4979.1914	103.36377	5082.555	4875.8276	4764.0093	1021.52466	5201.8535	1800.5856	977.5	916.6	349999	358.59045	179.6116	601.6943	-29.260647	358.58997	179.6125	610.2752	-25.866774	-2.162867	6.4944806	56.759567	-21.234348	-360.56113	234.54475	69382.41356873512
176	4958.2026	148.00195	5106.2046	4810.2007	5167.485	4.1227164	5174.3306	5160.998	969.5	1000.0	351999	359.88824	179.20778	609.24146	-25.29603	359.89093	179.20679	623.39636	-24.059937	-2.1306531	6.373734	47.008698	-23.545385	-361.8593	237.0531	70402.66739678383
177	2849.896	1301.1812	5088.498	1974.5336	3211.9097	1415.5295	5303.735	1095.3455	557.0	602.9	353999	360.89432	179.28412	605.66815	-20.04655	360.89536	179.28531	608.7734	-26.447985	-2.2251499	6.295803	53.39161	-19.793404	-362.87265	238.55887	71309.58634066582
178	2488.5745	802.9557	3509.882	1403.8077	4993.9697	468.54932	5242.794	3923.5967	493.5	954.8	355999	361.09543	179.54305	603.93805	-30.976334	361.0945	179.54477	622.45953	-22.142546	-2.2525022	6.280149	42.94396	-20.45908	-362.95706	242.07681	72210.8159160614
179	3286.1948	1889.8096	5176.0044	1396.3854	2169.9426	1419.6605	5303.9907	1001.3277	636.0	406.9	357999	362.24533	179.46458	591.38245	-32.038223	362.24524	179.46317	602.6981	-40.736168	-1.9070878	6.4242735	48.925507	-21.680279	-364.23932	240.26407	73042.50357437134
180	3353.452	1511.4738	5083.2944	1440.8281	4777.3916	1255.1926	5207.638	1011.93463	653.0	919.1	359999	363.90063	179.76631	620.7617	-30.462345	363.90204	179.77003	614.7053	-26.266212	-2.1325061	6.300094	45.453053	-20.863873	-365.83038	233.16327	73943.62506556511
181	2802.1792	1546.3226	5117.2925	1162.4438	3691.7734	1580.7502	5216.7783	1046.995	543.75	706.7	361999	364.8865	179.34282	636.5362	-31.478724	364.88953	179.34238	614.0183	-34.60227	-2.0620446	6.33412	48.869213	-20.534004	-366.87787	231.75194	74807.39921212196
182	1999.114	1230.3469	4195.0137	768.94763	1779.2572	1191.1691	4575.707	605.08185	387.4	339.2	363999	366.455	180.03584	608.42236	-22.710224	366.4555	180.02989	627.5216	-19.880232	-1.776056	6.4054174	54.574997	-20.787712	-368.45544	230.96153	75632.1849257946
183	2525.9187	1449.0314	4575.158	1500.4806	3366.2026	1012.9866	5171.3086	1596.3756	490.33334	649.8	365999	368.72412	180.18277	662.52264	-28.142412	368.72565	180.18549	631.80804	-23.497244	-2.053148	6.3584676	52.14538	-20.399939	-370.6627	235.7892	76491.42264866829
184	2234.7515	1135.2416	4087.3853	1000.7229	4937.657	473.35803	5271.477	3913.6902	434.75	942.4	367999	368.43765	180.98047	656.558	-33.319187	368.43475	180.98515	684.0947	-25.526247	-2.1205528	6.382833	63.307884	-20.076757	-370.42218	234.24112	77392.46855854988
185	2929.8813	1365.2107	5113.5435	1615.6003	2232.0085	411.51254	2917.073	1511.5485	575.75	423.0	369999	369.049	181.2153	655.9287	-41.266243	369.05148	181.21725	651.91895	-29.782951	-2.383225	6.3898907	52.054302	-24.024397	-370.9543	230.11308	78221.69029808044
186	2136.5466	1107.8918	3667.8872	782.48413	5159.173	117.49975	5229.0654	4809.241	418.66666	991.3	371999	370.76953	181.464	617.786	-53.804657	370.76828	181.45786	630.2546	-32.23408	-2.1235743	6.3549013	49.933968	-20.538433	-372.7247	230.80603	79130.73271107674
187	5084.3213	7.0476074	5091.3687	5077.2734	5101.1587	4.164243	5109.832	5094.2876	1000.0	1000.0	373999	372.13553	181.8843	737.9948	-21.516537	372.1363	181.88562	750.8155	-33.914852	-2.0290034	6.459367	51.211483	-22.56308	-374.0867	237.41057	80037.64521980286
188	2160.8657	1477.5817	5074.035	1178.5964	4621.877	1108.4342	5216.733	1680.4208	428.0	888.1	375999	372.78757	182.25081	719.0902	-21.129177	372.78995	182.24649	701.2648	-28.832077	-2.0940988	6.4421434	54.255512	-20.709227	-374.70624	237.20122	80926.07460212708
189	5074.586	5.041992	5079.628	5069.544	4141.4023	1221.2233	5199.0493	1815.4021	1000.0	798.4	377999	374.1827	182.37447	712.20074	-30.942043	374.1844	182.3776	700.5104	-26.950209	-2.117648	6.460488	54.253685	-20.469799	-376.1521	234.3879	81805.23384356499
190	2924.8381	629.74756	3491.5242	2046.4967	5212.6514	13.34149	5233.7964	5192.998	577.6667	1000.0	379999	376.41147	182.30487	680.87555	-20.649422	376.4123	182.3008	687.3338	-59.529907	-2.110283	6.5007014	56.892708	-25.400927	-378.37134	233.77847	82714.73902702332
191	2614.7446	961.29974	3959.5723	1769.9214	3434.1353	1673.1442	5119.0312	1132.028	510.66666	667.0	381999	377.4293	183.08113	708.34863	-39.08683	377.43008	183.08055	716.34784	-56.30215	-2.0657613	6.4773383	51.49964	-21.672844	-379.43643	236.58803	83591.10215234756
192	2075.3254	1126.5173	4217.8203	1059.5542	5116.758	11.327011	5134.77	5100.2866	413.33334	1000.0	383999	378.6971	182.93674	687.86273	-24.471285	378.69583	182.9377	698.88104	-21.506275	-2.0169797	6.443455	68.17667	-23.121693	-380.64233	238.56319	84497.25784683228
193	3526.2842	1519.3303	5068.1055	1459.3651	1899.0172	1403.9438	5124.077	911.1893	699.0	366.2	385999	378.10043	183.4752	696.75446	-29.90546	378.1005	183.469	694.93243	-31.350353	-2.3355668	6.344563	50.88972	-23.817825	-379.99637	238.6461	85332.46578216553
194	3554.9822	543.0227	4098.005	3011.9595	5000.9004	537.47473	5198.7754	3388.603	719.0	965.3	387999	379.59512	183.42984	739.41125	-23.12431	379.59607	183.43195	743.9645	-30.067104	-2.0437946	6.46833	47.426804	-21.45234	-381.49295	237.49998	86247.63039064407
195	3556.459	2210.122	5134.404	430.92355	5212.5205	4.5596905	5221.6104	5204.185	697.3333	1000.0	389999	380.43335	183.50142	818.7239	-27.752806	380.43347	183.50262	760.9161	-26.23523	-2.111944	6.4651446	43.70694	-22.33477	-382.37036	235.52856	87162.02466988564
196	5095.3516	5.298584	5100.65	5090.0527	2831.9346	1641.4724	5250.539	1059.1628	1000.0	539.0	391999	381.50232	183.52635	805.54034	-22.99719	381.50443	183.52716	776.5386	-41.89148	-2.087077	6.6144037	64.21222	-20.505444	-383.4416	237.42975	88026.5938975811
197	4290.9087	1095.2776	5074.294	2741.9868	4397.1807	1553.5148	5188.399	809.68854	844.0	850.6	393999	382.4955	183.76251	896.8094	-26.550032	382.4972	183.75551	868.8023	-25.67536	-2.3202899	6.5123143	46.29684	-20.112492	-384.4035	235.49153	88916.24690747261
198	1553.1013	1401.8877	3975.8857	609.3158	4408.963	1411.0049	5117.3813	1205.7195	307.75	863.9	395999	383.47903	183.33257	755.12885	-27.82213	383.47943	183.32837	789.4731	-25.981087	-2.3374524	6.510959	52.37726	-22.99427	-385.32135	237.03625	89815.2188296318
199	5075.382	10.649414	5086.0312	5064.7324	3720.2563	1752.5421	5319.612	1053.5891	1000.0	698.0	397999	383.96332	183.72688	694.0414	-29.964533	383.96164	183.72688	729.9743	-35.70382	-2.2526522	6.533646	52.342514	-21.910725	-385.89612	231.47044	90689.95316338539
200	3976.8965	1617.5193	5122.4746	1689.3798	3716.0496	1483.1484	5240.5117	1635.8971	774.0	709.1	399999	385.02625	183.99667	716.00073	-25.884192	385.0278	183.99088	678.26514	-32.045063	-2.14318	6.4909186	48.442158	-21.184187	-386.909	233.29753	91554.36272001266
201	3224.703	1826.7904	5092.531	745.09827	2559.6943	1629.9159	5226.7275	821.8566	638.0	484.4	401999	386.1416	184.57509	695.21783	-38.61428	386.1416	184.57713	676.9019	-34.618526	-2.2050366	6.323254	61.25735	-21.31928	-387.98303	232.21616	92395.0616440773
202	2947.6719	1202.1537	4603.792	1786.8806	5231.657	6.4523263	5239.7593	5219.5264	574.0	1000.0	403999	386.92236	184.43286	691.6584	-29.554268	386.92343	184.42886	658.4579	-33.336857	-2.0897293	6.4003477	51.815	-20.243586	-388.75925	234.88484	93297.95065402985
203	3881.805	1778.9819	5171.7485	1366.2184	4654.1377	1273.4587	5084.784	833.77454	752.6667	917.8	405999	386.9821	184.50883	679.231	-35.62407	386.9843	184.50438	685.0013	-39.24862	-2.075103	6.5860934	47.59513	-19.60419	-388.85547	236.88618	94213.24327921867
204	3341.8066	1251.5577	5084.5728	1649.0071	2512.982	1644.2991	5151.503	1002.78503	655.5	486.1	407999	388.14697	184.18042	708.7884	-41.102386	388.14767	184.17822	664.0901	-58.23718	-2.1642745	6.5609493	63.924328	-19.80842	-390.05725	233.77776	95080.1974568367
205	2046.444	268.31555	2425.4924	1841.703	3370.3198	1512.2001	5255.5356	1061.7405	402.33334	644.0	409999	388.9181	184.53055	693.7018	-42.56826	388.91956	184.52766	683.73285	-33.543583	-2.1024394	6.4787703	52.03682	-20.250332	-390.7677	236.38203	95960.02107858658
206	3495.311	1533.0806	5104.613	1478.1353	4322.7437	818.0771	5225.2954	3021.2053	682.75	829.7	411999	388.64584	185.16934	711.63495	-34.838326	388.64505	185.16681	713.4688	-50.77775	-1.9558264	6.596245	52.63196	-20.38433	-390.55386	238.36336	96867.89664292336
207	1967.1371	604.56537	2698.6394	958.2245	2257.427	1096.217	4637.913	1067.4055	386.6	425.6	413999	389.785	185.02968	738.784	-46.468178	389.78632	185.03099	693.3773	-31.596794	-1.8122228	6.6391573	61.822998	-23.659687	-391.67847	236.28043	97724.63991379738
208	2492.2688	1504.4757	5058.351	1209.447	5062.6772	351.7965	5192.0146	4007.7417	489.25	977.2	415999	390.86105	184.77661	644.9445	-70.7262	390.86237	184.77333	662.7619	-54.641163	-1.9228039	6.6206565	52.870102	-21.374783	-392.68414	237.30733	98653.34220767021
209	4052.7124	1033.8369	5086.5493	3018.8755	1742.4254	484.141	2403.782	1155.3184	800.5	326.4	417999	390.9738	184.92534	623.8454	-24.363665	390.97467	184.9235	656.4487	-26.934914	-2.0916584	6.5261865	49.664494	-23.045755	-392.80338	236.65509	99493.07746577263
210	3701.2754	1388.4458	5127.005	1819.1613	3430.4731	1280.2832	5225.8516	1960.5251	727.3333	656.3	419999	391.9972	184.82149	690.0833	-32.868385	391.99854	184.81702	666.6672	-35.52661	-2.1771512	6.496193	48.35852	-20.44552	-393.77353	233.82877	100376.97608947754
211	5098.3823	12.182617	5110.565	5086.1997	1317.8633	883.17	3637.6348	687.0251	1000.0	247.6	421999	391.9958	184.48256	762.1442	-43.67784	391.99756	184.48128	722.48364	-38.090454	-1.8752126	6.517884	57.7529	-22.016247	-393.78903	233.93181	101207.36876130104
212	3744.6074	802.668	4874.9985	3089.5437	2698.7554	1389.6056	5233.6177	1169.6808	746.0	516.4	423999	393.11963	183.9086	764.00146	-39.41728	393.11615	183.9112	721.2011	-25.304512	-1.9517266	6.493107	56.26824	-21.512108	-394.90915	233.39104	102072.13154602051
213	1983.2448	1254.0272	3615.3623	566.3362	4772.5103	1100.88	5149.8286	1469.9375	397.33334	928.1	425999	393.35583	183.9688	677.2953	-43.752815	393.3583	183.96565	633.7534	-28.635727	-2.0254312	6.467164	55.551727	-22.330769	-395.134	232.87239	102983.9490506649
214	4526.6484	655.1136	5043.0444	3602.296	2127.1821	1446.956	5305.39	703.45557	895.6667	401.6	427999	393.37827	183.80641	631.04443	-26.336452	393.38177	183.80307	632.3383	-21.696482	-2.1799834	6.3902984	46.921494	-21.313175	-395.10544	228.28246	103741.03370332718
215	1551.2485	488.51312	2290.9604	663.05597	1964.4529	1680.2388	5214.7173	808.5673	308.5	372.4	429999	393.15933	184.48627	688.1665	-36.90194	393.15973	184.47868	684.5934	-31.6845	-2.0592697	6.4382124	45.93848	-21.24694	-394.89404	235.34221	104445.52162408829
216	2406.6587	925.5903	3335.336	1093.5824	4661.3096	1240.9958	5312.952	2155.7961	479.25	878.4	431999	393.0071	184.79169	650.9661	-28.469643	393.0084	184.78697	660.3383	-26.012789	-2.2383044	6.5068307	42.482006	-21.823587	-394.76074	235.12222	105188.79889678955
217	2175.025	926.9178	3412.9775	853.8033	4115.505	914.8827	5303.9854	2382.8042	429.0	785.6	433999	394.5623	183.99858	669.67395	-42.926758	394.5637	183.9985	713.56384	-29.64135	-2.1708448	6.585704	55.422707	-22.975412	-396.34494	235.2535	105950.9707827568
218	5107.1475	33.651123	5140.799	5073.4966	2155.7837	865.47974	4023.5188	1028.437	1000.0	407.5	435999	394.4364	184.12065	643.84937	-32.90116	394.43542	184.11765	642.2335	-28.227434	-2.1291022	6.6045094	49.872612	-19.159473	-396.16818	238.30374	106728.72764635086
219	4077.834	993.1837	5071.0176	3084.6501	2331.697	810.44165	3849.4924	804.6772	803.0	435.9	437999	396.00195	184.0051	663.9083	-30.927582	396.00592	183.99747	681.6685	-25.230938	-2.1556964	6.614498	50.19075	-20.762133	-397.75705	237.0274	107515.3924343586
220	4467.5254	462.2466	5116.8574	4077.4067	3323.5247	1346.1725	5276.7573	1509.528	868.0	631.2	439999	396.81772	184.097	664.9409	-23.775755	396.81793	184.09088	677.54	-26.962032	-2.3141696	6.550866	55.988373	-21.558601	-398.55237	231.19789	108326.78168773651
221	3110.9744	1536.0977	5195.5547	1539.2626	3901.1309	1613.2004	5265.142	941.18677	602.6667	742.0	441999	397.70483	184.00131	622.7224	-32.107994	397.70673	183.99678	646.4436	-32.96644	-2.360623	6.5073586	53.04492	-19.288137	-399.40405	235.50401	109137.080889225
222	4907.411	254.01685	5161.4277	4653.394	4120.9834	914.42676	5191.8936	2655.8708	953.0	794.0	443999	397.56573	184.03941	669.3524	-29.444382	397.56476	184.03606	645.1442	-32.467766	-2.3640773	6.4867005	54.28598	-22.424736	-399.29477	233.60678	109889.07288098335
223	4035.5552	1048.5741	5084.1294	2986.9812	3980.9702	1310.3475	5308.1313	2346.5554	790.0	753.5	445999	397.90424	184.17368	643.38354	-43.300407	397.906	184.16812	639.57465	-50.378407	-2.2025096	6.531483	46.310314	-19.937403	-399.64554	234.43811	110692.18271517754
224	3995.1335	1546.8649	5098.498	1807.5642	4761.525	775.61566	5204.3604	2803.1465	784.3333	916.8	447999	398.42377	183.8635	639.7727	-35.55559	398.42593	183.86397	628.42804	-31.122118	-2.4308555	6.5492854	62.341724	-22.343786	-400.15582	230.73325	111530.72051143646
225	4705.4795	353.364	5058.8433	4352.115	4358.3394	1535.4075	5272.556	1257.469	923.5	838.5	449999	400.838	182.96033	639.4987	-26.423326	400.8355	182.95021	629.90906	-28.031942	-2.240596	6.392469	51.208427	-19.887552	-402.60837	226.00867	112356.22543644905
226	3688.5574	1633.5376	5068.5176	1394.0679	4519.1855	1304.7018	5284.448	1238.9242	729.6667	858.7	451999	400.52487	183.44972	677.48773	-28.79641	400.5284	183.4446	679.0588	-29.045225	-2.3600478	6.4421473	56.98667	-20.214968	-402.2608	230.02544	113178.37794184685
227	5068.397	8.172852	5076.57	5060.224	3278.2905	1261.5374	5326.011	1604.1466	1000.0	615.5	453999	401.64853	183.19212	670.24164	-24.530664	401.64905	183.19193	668.6756	-33.78542	-2.3507168	6.4464965	46.6369	-24.04163	-403.3491	226.89015	113976.06751608849
