Epoch	AverageEpRet	StdEpRet	MaxEpRet	MinEpRet	AverageTestEpRet	StdTestEpRet	MaxTestEpRet	MinTestEpRet	EpLen	TestEpLen	TotalEnvInteracts	AverageQ1Vals	StdQ1Vals	MaxQ1Vals	MinQ1Vals	AverageQ2Vals	StdQ2Vals	MaxQ2Vals	MinQ2Vals	AverageLogPi	StdLogPi	MaxLogPi	MinLogPi	LossPi	LossQ	Time
1	-29.230528	23.86567	2.0633001	-94.98069	579.1426	69.76541	770.5459	511.32767	76.56	1000.0	1999	1.8999738	1.9967847	11.74977	-6.620275	1.8989956	1.9967471	11.832012	-6.1543694	-4.8657475	1.158794	2.773656	-12.201202	-3.0308712	0.5645945	302.7138023376465
2	-191.21364	145.85544	-45.358196	-337.0691	47.534706	110.69587	281.08905	-58.466377	550.0	439.4	3999	7.8014565	4.7526712	31.47152	-7.2442646	7.800788	4.748901	31.153101	-6.5188766	-2.937507	2.2658527	10.983746	-13.620979	-9.283977	1.5621846	724.2347977161407
3	-28.95136	59.251305	11.135432	-287.10858	-568.369	241.6814	-264.6674	-1099.3777	99.304344	1000.0	5999	18.939816	6.626239	49.268837	-6.745545	18.938198	6.616012	49.98008	-8.288978	-1.046481	3.0382943	17.28915	-13.587871	-20.98908	4.6463776	1236.8758172988892
4	-82.227264	122.82988	4.218604	-368.5393	-510.00262	314.44012	-18.431532	-1077.5067	243.63637	806.3	7999	33.12939	8.250073	72.28392	-12.399742	33.126717	8.239421	71.2244	-27.10838	0.27553537	3.5516443	22.199614	-14.517627	-35.60567	7.2807536	1723.5296907424927
5	-44.523396	90.2846	3.733974	-352.5881	-255.74911	405.7016	10.862201	-1269.909	148.61539	315.0	9999	48.667423	9.6853285	85.14285	-13.478987	48.666	9.666944	85.02672	-18.772726	1.2500856	4.0409546	30.90738	-15.244785	-51.50273	12.200723	2143.945835828781
6	-322.4005	420.84045	-1.663411	-916.94165	57.105682	52.43425	160.93958	-6.577695	379.33334	355.3	11999	60.225895	9.012167	90.98973	-23.126556	60.225643	9.0151825	93.20748	-21.921839	-0.36161312	3.63728	30.077894	-15.510746	-62.05196	13.70201	2574.3285179138184
7	-135.29993	215.4857	79.374245	-542.6269	625.60095	265.38522	837.5991	4.0179367	467.16666	901.7	13999	59.89109	9.106758	93.30509	-27.37696	59.89137	9.112314	91.12179	-29.504274	-2.1838958	2.6340165	31.188795	-15.327382	-60.982445	10.220567	3067.199425458908
8	-58.88992	61.95544	1.8194513	-162.54456	527.8377	309.09235	918.9051	52.480835	403.5	742.6	15999	57.414234	9.160647	86.81229	-31.733324	57.41523	9.164571	85.94611	-32.91949	-2.5742996	2.3450923	24.267426	-14.406629	-58.35441	9.904622	3534.013782262802
9	-3.1484714	71.62192	134.87119	-161.62788	547.6065	302.01273	823.5741	71.308495	229.44444	741.5	17999	54.70834	8.939834	85.35925	-24.968584	54.70701	8.935237	87.1696	-34.496067	-2.6916628	2.2497203	21.704735	-14.049068	-55.578033	9.904778	3953.721087694168
10	-29.697153	39.962955	8.855608	-106.05007	282.23764	323.38486	821.8061	15.578957	420.0	380.1	19999	52.330685	8.542705	83.98128	-48.525707	52.33078	8.541962	84.18315	-24.739136	-2.7501278	2.1844122	21.554768	-16.012688	-53.141228	9.544978	4332.073065042496
11	-26.488386	31.852806	8.200912	-76.710175	503.12808	290.65866	714.6117	19.303144	369.33334	722.2	21999	50.25942	8.25286	82.2519	-24.368504	50.258835	8.249921	82.988464	-23.915228	-2.8011944	2.1387284	19.528587	-12.627531	-51.032787	8.808585	4707.05947637558
12	-85.02447	94.149864	30.622372	-199.99377	750.0471	20.701797	777.05615	702.03467	636.6667	1000.0	23999	48.46756	8.046022	79.6089	-25.737318	48.46765	8.038604	80.32225	-31.614433	-2.7957625	2.1340122	27.918634	-16.418556	-49.24303	7.959937	5106.322649002075
13	4.2295423	15.997303	25.698446	-12.684328	762.1502	36.88661	831.48193	700.03613	671.0	1000.0	25999	47.120834	7.82292	77.809685	-26.961418	47.120735	7.817858	79.26231	-37.292393	-2.8392215	2.0923665	24.723007	-14.803126	-47.85247	7.7066855	5492.63676404953
14	11.831325	11.16368	22.995005	0.6676454	483.95557	183.81897	780.9361	3.4608	1000.0	902.2	27999	45.97141	7.644435	76.292496	-29.869574	45.9716	7.637766	77.49242	-39.734524	-2.8944228	2.070795	26.127615	-15.591354	-46.722725	6.6790166	5834.441782951355
15	-13.877136	27.915466	14.038331	-41.792603	676.88586	130.15271	901.9011	475.46262	669.5	1000.0	29999	45.13897	7.5583777	76.19842	-37.962643	45.139244	7.5540223	77.91492	-24.72716	-3.001831	2.0482483	20.228573	-14.686459	-45.85736	6.4714017	6187.016624689102
16	52.819767	3.8294256	56.43051	47.51888	491.5498	138.81664	853.42096	298.80255	834.3333	1000.0	31999	44.59433	7.3843336	74.90307	-24.39207	44.594196	7.3866763	77.7917	-25.305843	-3.0736227	2.0348272	23.125462	-15.263948	-45.29642	5.937335	6537.245684146881
17	76.93732	30.959814	106.69035	34.24295	763.82983	120.000725	918.72955	513.15625	737.0	1000.0	33999	44.2926	7.315924	75.52178	-26.705292	44.292225	7.312575	77.466484	-22.502455	-3.1218488	1.996068	18.77821	-15.318268	-44.978836	5.7603154	6887.793541669846
18	104.29782	23.42184	127.719666	80.875984	774.0449	75.81026	888.1999	632.0694	737.0	1000.0	35999	44.155895	7.2039747	76.58134	-24.280334	44.15577	7.204249	76.955154	-28.85575	-3.2013981	1.9479864	18.334936	-14.351292	-44.815926	5.7647014	7235.84512925148
19	60.33916	44.689026	128.45639	15.894519	600.6398	358.9901	941.20526	49.651573	319.83334	720.2	37999	44.119324	7.0578384	76.51807	-31.53218	44.11884	7.055375	77.449684	-30.446949	-3.2698934	1.9322045	24.035305	-15.333233	-44.79523	5.8226113	7559.351543426514
20	52.01365	55.032867	177.06648	-13.81775	840.78955	84.88239	927.01306	664.5695	276.8	1000.0	39999	44.3547	6.9372263	77.57258	-20.798342	44.354576	6.938101	77.15982	-26.04827	-3.2894557	1.9228879	18.297974	-14.41568	-45.026184	6.322932	7907.987464666367
21	150.00026	9.902618	159.90288	140.09764	802.8325	87.45616	947.3333	666.92017	1000.0	977.1	41999	44.69599	6.7572503	78.360535	-24.989325	44.695896	6.7614245	78.31601	-26.176392	-3.316166	1.9245343	23.20456	-15.097746	-45.388554	5.7072377	8254.568304300308
22	105.4975	75.44387	196.9618	12.190381	583.583	279.02084	952.73615	194.89668	651.3333	662.1	43999	45.146	6.5401716	76.49318	-27.116472	45.145737	6.5423946	79.304504	-23.036247	-3.3190198	1.912008	18.993977	-15.362724	-45.832027	5.4620166	8568.452093839645
23	160.94171	17.2201	178.16182	143.72162	560.92126	334.88614	942.50726	17.323608	1000.0	665.8	45999	45.703835	6.2996335	77.336044	-21.923355	45.70361	6.300004	77.92452	-24.88214	-3.3333144	1.9110429	20.235643	-15.411934	-46.39797	5.3106017	8883.092564105988
24	67.07696	50.308525	137.56714	23.478888	360.61398	368.60416	959.62506	16.852406	378.0	389.2	47999	46.491135	6.0713677	75.63462	-25.42899	46.491024	6.0711217	76.45691	-26.169958	-3.337899	1.9064246	20.660694	-14.13643	-47.190296	5.0146027	9172.205522537231
25	85.39464	81.71865	283.65955	-0.27696306	935.26135	36.529755	996.73193	866.46075	260.375	995.5	49999	47.433	5.9981165	78.835785	-23.282404	47.43342	5.9930334	76.344955	-29.881914	-3.369584	1.9093887	19.181273	-15.400423	-48.125694	5.1848693	9518.199208021164
26	160.2902	93.722305	313.042	36.530365	745.537	308.4105	1034.3303	82.60543	449.5	784.9	51999	48.423035	5.9259043	77.59107	-27.669466	48.42297	5.926173	77.841774	-29.750137	-3.347095	1.9145275	28.802725	-15.086326	-49.118935	5.191586	9846.077634811401
27	129.88197	40.980457	187.62106	96.682846	949.375	155.50624	1152.7354	531.15936	452.33334	1000.0	53999	49.44308	5.8826265	77.820404	-17.988447	49.44295	5.8861265	76.55739	-25.773111	-3.3378139	1.9239013	24.086723	-15.161977	-50.139305	5.263178	10192.783946037292
28	167.31833	96.23416	299.8097	3.9623451	962.3175	55.599842	1079.8203	884.726	518.4	1000.0	55999	50.56042	5.7816334	76.455826	-37.911636	50.56041	5.7798066	77.688965	-38.06997	-3.3595502	1.9099182	21.353632	-12.838655	-51.248962	5.137355	10541.621504306793
29	281.30612	103.82	385.12613	177.48613	908.2713	284.16595	1144.1661	214.70119	1000.0	870.4	57999	51.646927	5.844026	78.72089	-28.812338	51.647324	5.83532	79.7252	-24.788872	-3.3412662	1.9313004	24.003265	-15.463648	-52.346676	5.0025463	10879.96521949768
30	124.374725	16.692608	141.06734	107.68212	912.9828	236.15141	1090.4679	219.23999	614.0	915.5	59999	52.760487	5.8839097	77.608536	-28.559933	52.7603	5.8757734	78.320335	-29.280432	-3.338249	1.9368848	22.454966	-16.665789	-53.4578	4.943583	11221.600239038467
31	185.11925	103.27796	289.60666	44.494038	809.9124	259.806	1014.24646	52.105923	677.6667	905.2	61999	53.948296	5.864501	81.23496	-30.09682	53.948116	5.8591194	79.49853	-50.935894	-3.3632126	1.9486629	23.063902	-12.889647	-54.655296	4.741084	11563.70816397667
32	253.68158	69.28767	322.96924	184.3939	734.92957	369.5133	1069.3236	48.503193	1000.0	740.5	63999	55.16373	5.872386	81.43118	-28.320805	55.164635	5.8644075	87.51105	-31.607206	-3.3544915	1.963801	26.657108	-13.276106	-55.869507	4.8190823	11888.552040338516
33	264.7858	52.886753	339.13217	220.54327	802.0641	246.91681	991.5013	76.34571	863.0	906.7	65999	56.2447	5.965941	81.76365	-26.31749	56.244255	5.9593363	84.12414	-25.415476	-3.3440366	1.9753903	26.329338	-14.790501	-56.95006	4.5804496	12218.159122943878
34	137.81932	128.5586	336.13193	6.838897	841.35046	265.21945	1033.6753	89.1007	376.83334	905.6	67999	57.38233	6.170629	83.47457	-30.236973	57.382515	6.1635423	83.77373	-31.52438	-3.3511262	1.9742649	22.339668	-14.467938	-58.08702	4.994427	12552.424480438232
35	283.0207	85.45224	368.47293	197.56845	719.4827	314.15137	975.64246	70.27845	1000.0	815.5	69999	58.365154	6.262015	83.67743	-30.844591	58.36528	6.2558084	83.76645	-24.563622	-3.358555	1.9779322	29.267162	-16.336569	-59.061897	4.6935267	12890.133945465088
36	252.29898	39.227287	291.52628	213.0717	802.9402	259.9818	924.2179	34.2308	1000.0	902.9	71999	59.419544	6.3618207	85.23217	-33.55368	59.419586	6.355346	85.203606	-39.13154	-3.3392854	1.974116	29.75756	-15.581986	-60.117016	4.6952605	13245.412299394608
37	204.78235	101.365524	316.04144	70.86798	740.94916	295.40506	977.26776	129.71532	684.6667	836.5	73999	60.448616	6.369194	85.49466	-32.44905	60.44879	6.363868	85.9212	-27.050726	-3.3611891	1.9608874	27.55059	-14.045521	-61.152298	4.5862813	13605.566152334213
38	282.79886	11.964844	294.7637	270.834	838.2332	374.61273	1110.145	89.01822	695.0	814.5	75999	61.396744	6.3987427	87.347824	-28.816515	61.39639	6.395214	86.026146	-41.031174	-3.3600824	1.9868078	35.660137	-13.670256	-62.087677	4.7040696	13968.863103151321
39	214.25972	122.86877	361.89807	78.26623	840.8096	286.98615	1036.0757	37.04501	500.8	856.7	77999	62.341976	6.394073	88.07238	-24.019726	62.342545	6.386043	90.03763	-24.84003	-3.3548825	1.9622016	24.718943	-13.171335	-63.02832	4.756655	14341.142540454865
40	158.03111	88.0041	249.00021	38.990128	686.89465	313.73648	916.7484	13.583539	679.0	808.5	79999	63.18517	6.519139	91.16621	-41.772316	63.184944	6.5131507	91.51494	-31.410452	-3.371332	1.9762563	27.590397	-14.848997	-63.86342	5.0491123	14709.713527441025
41	188.92397	70.74121	276.95215	103.74243	953.64905	335.77893	1263.7675	16.107159	701.3333	901.1	81999	63.98662	6.609173	93.17609	-22.206436	63.98689	6.604334	90.88834	-31.268774	-3.3728797	1.9769046	35.21192	-14.079919	-64.672	4.7787647	15090.38842368126
42	149.34528	110.35815	353.7238	28.637657	891.43866	202.66948	1034.5454	307.33502	318.0	922.7	83999	64.83705	6.6418037	92.50545	-25.319849	64.837	6.6283245	91.7098	-33.641285	-3.3783631	1.9770437	28.527763	-13.249183	-65.51922	5.031107	15475.12218618393
43	311.31238	96.58112	407.8935	214.73125	795.3078	343.90732	1154.8447	62.508694	1000.0	828.2	85999	65.56184	6.717135	93.08249	-37.793537	65.561844	6.7122326	93.23146	-40.648724	-3.3634524	1.970827	29.309727	-15.401959	-66.23919	4.98083	15851.68621468544
44	349.266	30.778091	380.04407	318.48788	824.5631	406.0683	1539.6884	78.93927	725.0	818.3	87999	66.24344	6.828791	92.61073	-28.37342	66.24355	6.818071	92.85051	-34.96505	-3.3530962	1.9780595	28.205462	-13.330191	-66.92097	5.0006514	16228.275692939758
45	289.34003	17.707794	307.04782	271.63223	825.4624	313.39276	1251.7252	17.313398	1000.0	797.5	89999	66.952484	6.7992954	94.44461	-50.01917	66.95249	6.7910876	96.94805	-43.155098	-3.3659422	1.9852093	30.208519	-13.407524	-67.620285	5.1255445	16602.2752161026
46	477.99854	153.37804	671.0966	295.88034	790.39325	149.06941	1009.2642	557.5322	858.0	1000.0	91999	67.58816	6.880565	95.40608	-36.184532	67.5878	6.873192	92.96902	-32.256107	-3.363558	2.0012147	37.989258	-14.352793	-68.25241	5.1288214	16992.02399301529
47	148.19473	73.24632	284.1344	73.64516	824.8634	371.156	1343.6434	68.44068	303.83334	684.1	93999	68.09057	6.9253073	93.802414	-35.52968	68.09037	6.9204545	94.51265	-39.23566	-3.3643777	1.982199	33.893772	-14.215513	-68.74812	5.0994906	17353.26415371895
48	248.36763	187.7149	532.2479	57.84677	981.8957	378.57114	1363.8221	195.38539	487.2	833.0	95999	68.60414	7.098249	94.699196	-38.55361	68.60422	7.0958323	94.585884	-30.362555	-3.3495076	1.9989802	27.000723	-13.779981	-69.25456	5.685288	17729.9590651989
49	346.86926	323.99768	784.5856	10.686518	803.02625	405.7816	1165.1783	104.38541	603.6667	742.4	97999	69.15575	7.140923	97.20577	-43.511692	69.15569	7.1341567	97.57225	-46.748417	-3.3516972	1.9707258	26.357843	-13.756072	-69.8067	5.5137844	18099.47667503357
50	296.97333	92.38565	409.598	183.30748	887.39197	439.3046	1308.9786	43.663815	756.6667	790.6	99999	69.690025	7.2454233	97.49701	-27.958961	69.6901	7.2357287	97.40922	-45.632263	-3.3321166	1.9948431	29.260332	-13.472351	-70.32789	5.661004	18474.758904457092
51	246.8546	5.2830505	252.13765	241.57155	714.2871	428.87222	1213.7695	74.77812	1000.0	741.1	101999	70.2642	7.2598963	96.98446	-25.776146	70.263565	7.25295	97.6013	-29.010786	-3.3083735	2.0137339	27.85915	-15.517558	-70.92142	5.4232364	18843.646435260773
52	166.30437	101.74461	272.26065	29.017876	885.11365	244.88235	1062.0535	182.79329	416.33334	911.7	103999	70.79994	7.301825	98.755615	-33.259056	70.79989	7.293652	97.54878	-37.003036	-3.280862	2.0370145	41.39694	-15.637118	-71.45826	5.736945	19232.578738451004
53	171.84486	92.23874	240.15317	41.449036	943.4821	221.35445	1188.5607	358.3657	696.3333	851.9	105999	71.38714	7.16658	99.17761	-33.137554	71.38746	7.1600857	97.35422	-31.86787	-3.3408456	2.0097177	36.584557	-13.890739	-72.03789	5.09207	19578.111601114273
54	281.55423	199.27678	539.1214	53.719017	1095.0403	234.63878	1406.2552	534.63635	690.0	937.6	107999	71.84418	7.2270184	99.745255	-42.60016	71.84392	7.2156315	98.60723	-42.655872	-3.324604	2.0187078	30.824167	-14.687315	-72.47757	5.5018263	19886.37009716034
55	167.80363	165.29669	396.62885	8.249035	687.17505	411.60834	1113.0669	19.482891	511.75	662.5	109999	72.27286	7.2229033	98.03837	-37.514275	72.27296	7.2192273	98.37045	-32.067867	-3.3216896	2.0144076	31.136932	-15.590139	-72.912575	5.36714	20171.05203485489
56	187.58992	135.85385	392.9005	60.451923	537.67303	396.54724	1020.27167	30.9747	438.2	491.2	111999	72.75466	7.2503505	100.377335	-41.873894	72.75455	7.239996	100.64209	-36.50338	-3.2820547	2.0404885	31.976812	-13.290682	-73.4014	5.604558	20439.39867734909
57	268.601	134.2269	436.38995	97.80861	639.74084	411.27856	1115.0673	53.923668	553.25	593.4	113999	73.25108	7.229838	102.21186	-41.053013	73.25072	7.2185874	102.167465	-45.12784	-3.2907746	2.0481684	40.19739	-14.652096	-73.90238	5.6989403	20716.5239276886
58	103.85423	84.58226	211.48386	20.345772	572.791	445.08508	1170.7947	27.164087	305.75	541.9	115999	73.75681	7.156005	101.62732	-48.18575	73.75668	7.151683	101.381615	-32.107796	-3.3030238	2.049168	29.019585	-14.271898	-74.39692	5.7556534	20992.732420682907
59	202.58745	158.12036	505.33115	66.562096	735.1222	412.0638	1131.0199	29.650545	364.5	729.8	117999	74.177185	7.1617017	101.244896	-42.469303	74.1773	7.1524625	100.55213	-36.089554	-3.282973	2.0653396	36.788757	-14.440661	-74.82713	5.9048595	21280.89651632309
60	312.43594	163.05516	475.2554	89.61249	762.6747	389.64056	1472.1833	205.69023	696.3333	632.3	119999	74.60738	7.144624	104.01878	-38.57555	74.60706	7.1402245	102.93231	-39.67296	-3.3087544	2.0522242	47.9768	-14.225431	-75.24971	5.8467097	21559.008884191513
61	365.65622	29.867096	395.52332	335.78912	932.53107	367.25412	1475.302	176.0837	1000.0	838.1	121999	74.92846	7.2416306	103.84819	-27.426924	74.92835	7.230577	104.201515	-35.66906	-3.2980766	2.0590334	32.883266	-15.2282505	-75.57502	5.8577166	21855.327023744583
62	197.48784	142.15431	366.56992	18.764997	759.0088	338.87402	1145.2574	226.01622	673.6667	683.5	123999	75.275566	7.155503	104.262054	-41.86635	75.27509	7.149998	103.98038	-56.98054	-3.3380477	2.0573328	36.97377	-15.545453	-75.91453	6.036225	22141.587993860245
63	366.762	114.910065	481.67206	251.85193	932.5109	275.7665	1164.0238	125.96941	1000.0	911.0	125999	75.53188	7.258126	105.949425	-30.235216	75.53209	7.2534084	103.06007	-41.925922	-3.2693694	2.1081488	29.969675	-14.2073765	-76.1765	5.8993983	22443.993102550507
64	267.20428	46.72438	313.92865	220.47989	1006.70526	94.59759	1137.2062	811.74286	1000.0	947.7	127999	75.99372	7.1682453	104.48673	-29.237408	75.99328	7.163434	106.647736	-40.161133	-3.291276	2.0691125	27.465607	-14.947544	-76.636	5.48167	22747.16401576996
65	311.6507	108.58541	472.5577	198.25703	698.68085	391.41968	1141.7319	66.41839	611.5	724.7	129999	76.36121	7.1573305	104.52687	-39.117153	76.361275	7.1556664	106.97131	-46.89312	-3.3018773	2.0624862	31.004292	-13.589057	-77.00921	5.4849367	23028.825089216232
66	245.2414	150.71043	445.20078	20.793808	883.08057	452.2245	1425.7098	69.40095	554.5	712.7	131999	76.71271	7.1358933	106.15909	-34.872723	76.71223	7.126224	104.01626	-31.911167	-3.3189273	2.0260842	30.37418	-13.960609	-77.35321	5.5449047	23304.800028800964
67	388.06943	263.25168	681.7967	43.101303	1017.5203	223.69173	1296.186	458.8092	647.0	922.9	133999	77.11838	7.0633025	105.21084	-48.32026	77.11906	7.05385	106.83627	-33.537804	-3.3154488	2.0607524	34.36373	-14.886561	-77.75029	5.672407	23596.212256908417
68	306.68616	126.3584	485.38275	139.30812	125.33476	432.01935	964.7951	-433.7874	395.75	909.6	135999	77.3318	7.331847	106.3169	-33.408268	77.33157	7.321988	106.07024	-32.878414	-3.2299266	2.0660203	26.533998	-14.538993	-77.964134	6.12594	23875.821917772293
69	477.62543	184.15967	661.7851	293.4658	800.58795	503.18713	1444.7943	105.13433	1000.0	745.4	137999	77.57247	7.4516816	107.1945	-54.388844	77.57235	7.4556875	106.146515	-28.710608	-3.2417715	2.0636103	30.019249	-14.811539	-78.19959	6.0171084	24077.07833623886
70	223.62859	42.769897	254.1951	163.14397	988.1859	187.4236	1145.8472	448.16418	712.0	1000.0	139999	77.87329	7.454572	106.68911	-39.07116	77.87343	7.4442196	107.20754	-33.77456	-3.2550638	2.0821762	41.946136	-13.34314	-78.50841	6.091087	24293.517048597336
71	291.56595	182.36937	591.5315	100.06307	791.0105	388.11462	1259.4773	67.19776	564.75	629.4	141999	78.14449	7.5634265	108.087875	-38.917126	78.144455	7.564006	108.726135	-38.502098	-3.208271	2.085974	37.109146	-13.899481	-78.77561	6.0538526	24487.878902196884
72	268.3707	78.75201	347.1227	189.6187	871.5332	278.1972	1202.6796	341.45853	1000.0	782.5	143999	78.45203	7.5018945	111.07147	-35.000927	78.45181	7.4876623	109.32955	-29.874266	-3.2421207	2.0833328	49.038662	-13.74828	-79.090706	5.8795624	24694.580909490585
73	415.8339	487.38403	1100.7819	6.6552906	883.36536	343.07422	1279.9198	157.03636	378.33334	792.3	145999	78.85226	7.418371	110.55234	-32.49832	78.85214	7.428273	109.9808	-29.745209	-3.2318258	2.0809038	32.505417	-14.377398	-79.46541	5.8338737	24903.6851978302
74	292.66852	14.821457	307.49	277.84708	889.89417	343.08676	1221.6318	210.31885	1000.0	833.1	147999	79.07155	7.5985575	111.49166	-44.47485	79.07112	7.5958996	110.122086	-48.906387	-3.2336416	2.1051857	32.290817	-15.663287	-79.69435	6.120158	25111.78691315651
75	241.7539	111.54121	383.45865	110.885	1042.1707	424.95627	1887.5544	111.004776	694.3333	902.5	149999	79.33308	7.654327	111.409904	-48.825844	79.33283	7.650604	110.116325	-42.146027	-3.225764	2.1102562	35.85327	-15.031309	-79.95745	6.1728797	25309.46622109413
76	506.44028	145.92812	712.7148	397.7679	592.0448	384.90982	1233.936	39.183834	769.0	751.8	151999	79.65982	7.673897	113.37322	-30.916994	79.66022	7.6677594	111.49744	-29.199802	-3.2302816	2.0889087	47.9398	-14.901344	-80.29051	5.7714863	25501.48356986046
77	279.0224	69.85889	372.16028	203.91579	1037.2991	202.20941	1413.9551	660.3996	717.3333	1000.0	153999	79.83218	7.8449345	114.58945	-54.096104	79.83209	7.845339	112.44131	-66.65431	-3.2477703	2.1205602	36.3563	-15.869011	-80.46025	6.2731934	25709.99973487854
78	431.22632	43.526825	474.75314	387.6995	775.19946	394.6794	1139.337	96.74504	1000.0	730.8	155999	80.10932	7.7890778	115.98652	-45.106956	80.10918	7.7852974	112.8627	-44.28041	-3.2294588	2.116677	33.259083	-15.037061	-80.735085	6.0624676	25918.655215501785
79	232.90173	147.86427	342.81528	23.883217	981.6859	223.77809	1383.1895	501.06845	677.0	868.1	157999	80.32056	7.7601695	115.86028	-39.52532	80.32059	7.7614207	112.429634	-49.258427	-3.2202175	2.1218455	32.287895	-13.587061	-80.93914	6.1452627	26136.90453696251
80	742.8878	404.58	1147.4678	338.3078	739.30066	524.2714	1475.84	71.26823	1000.0	565.9	159999	80.47128	7.833443	118.295685	-34.56492	80.47137	7.8312936	119.95856	-54.306236	-3.2379704	2.0961616	27.749264	-15.359338	-81.09173	6.0526967	26328.655721902847
81	254.98917	161.62401	533.1837	74.50198	784.5856	483.09134	1512.3839	26.169254	316.2	723.0	161999	80.79867	7.844877	117.87854	-37.629402	80.79878	7.840414	117.37	-34.435165	-3.2293768	2.109434	35.035683	-17.487389	-81.42881	5.8600535	26523.39257502556
82	521.12933	435.51523	1136.5652	192.45209	983.6002	241.64996	1272.8079	301.9601	899.0	914.5	163999	81.01928	7.8068233	117.456024	-34.35666	81.01924	7.801208	114.53326	-50.926743	-3.259511	2.1263905	30.829493	-16.17816	-81.64301	6.296774	26731.375712394714
83	327.04883	18.780014	345.82883	308.2688	760.15784	490.861	1542.4847	51.581795	1000.0	620.5	165999	81.261055	7.9134254	113.95813	-32.436447	81.261566	7.904073	113.792564	-28.987856	-3.2250295	2.125278	30.557798	-15.374903	-81.87871	6.568744	26930.007379055023
84	447.6568	222.2846	667.6115	83.55237	1586.2777	569.9486	2211.8774	165.70886	469.5	909.3	167999	81.55116	7.924103	117.31739	-31.902365	81.55126	7.923467	114.82881	-41.505833	-3.222405	2.129375	28.420979	-14.808394	-82.16888	6.197674	27143.091270446777
85	900.363	371.52887	1271.8918	528.8341	1334.754	356.42838	2001.909	986.3402	932.5	1000.0	169999	81.84093	8.041	116.73851	-41.845657	81.84084	8.036671	116.076385	-36.064774	-3.1963995	2.1444745	28.90276	-14.411968	-82.45271	6.429181	27362.29423737526
86	544.58624	232.0435	872.74286	379.4058	800.47766	410.41537	1579.7345	267.31018	777.6667	776.9	171999	82.1896	7.9961042	114.61839	-49.146732	82.18955	7.996915	116.25095	-44.09841	-3.1975727	2.1393197	29.09668	-13.313412	-82.80271	6.6822734	27574.665576457977
87	298.8912	239.48875	621.8602	49.085953	616.515	487.5764	1434.6418	49.29699	494.66666	539.4	173999	82.38758	8.121758	115.515884	-48.238384	82.387436	8.134042	116.81186	-40.276043	-3.2024298	2.1308646	36.920704	-13.323045	-82.98756	6.7250633	27761.7885992527
88	356.52536	31.549767	392.36023	315.58667	720.7376	441.2717	1355.7201	47.673344	773.3333	589.5	175999	82.61153	8.181985	118.37781	-30.169548	82.61128	8.180391	118.04694	-42.658978	-3.198416	2.1220288	31.995687	-15.334981	-83.22227	6.3279977	27917.494208812714
89	237.76741	64.31315	303.0634	150.28697	897.01886	386.75635	1255.4003	215.17422	695.0	748.0	177999	82.87011	8.16626	116.84194	-42.681183	82.86999	8.171964	117.62121	-48.28888	-3.1600473	2.1600752	31.187717	-14.943191	-83.47242	6.6178026	28068.859411478043
90	396.11877	78.9787	475.09747	317.14008	1332.5538	281.17587	2011.1089	1042.1682	1000.0	969.7	179999	83.1063	8.35592	117.78114	-48.803825	83.10641	8.352086	122.36732	-39.586697	-3.184688	2.1793962	40.310143	-17.373405	-83.718956	6.498414	28232.05051255226
91	633.57007	10.646393	644.2165	622.9237	1094.2688	288.97736	1579.32	449.3161	1000.0	921.2	181999	83.36016	8.49022	121.39821	-30.509054	83.35985	8.494817	124.021935	-48.94574	-3.1535208	2.2020056	39.41111	-15.104986	-83.968796	6.9601407	28369.729085445404
92	459.67905	225.04895	695.7539	114.95186	991.4325	469.48077	1778.6476	157.68066	445.5	763.6	183999	83.59946	8.552537	120.78736	-42.88813	83.5993	8.555539	122.88135	-42.655678	-3.1446261	2.1884692	30.486126	-13.4993925	-84.21298	6.6874857	28490.02950668335
93	327.44608	70.744774	378.51825	227.40524	769.6009	620.1314	2031.0724	86.01888	736.3333	499.5	185999	83.8536	8.646462	120.53864	-39.72616	83.85354	8.644103	119.906746	-27.534515	-3.1266055	2.2057235	36.580643	-14.553587	-84.455284	6.956047	28598.730890989304
94	914.9873	656.438	1571.4253	258.5493	1036.264	511.96912	2156.4055	144.98625	605.5	703.0	187999	84.13738	8.776595	121.34787	-43.46869	84.13752	8.7720175	122.61523	-61.648655	-3.1366365	2.197883	34.89396	-14.81086	-84.751625	7.024718	28716.578035116196
95	636.93005	315.22028	952.1503	321.70975	1415.1953	664.26917	2154.4573	303.55777	1000.0	791.0	189999	84.46695	8.859199	122.53141	-37.255203	84.46647	8.862541	123.79193	-30.477678	-3.147827	2.203327	37.007423	-16.629498	-85.068565	6.876606	28836.39942240715
96	407.8612	198.88985	686.77686	236.93422	1092.2422	581.9121	2045.4572	70.969284	835.6667	707.2	191999	84.68973	9.055806	124.11038	-38.750927	84.68955	9.054626	128.24677	-36.40037	-3.1280332	2.2279031	43.080536	-13.911537	-85.293564	6.8974404	28955.064792394638
97	971.7925	446.9827	1418.7751	524.80975	1856.5798	322.29803	2141.4204	1127.6836	1000.0	992.6	193999	84.93604	9.340914	121.83185	-34.28921	84.93596	9.337029	124.98809	-51.39581	-3.1208375	2.2136106	31.620815	-14.132301	-85.53746	7.4601808	29078.9414434433
98	761.1738	575.6612	1504.4973	101.96837	762.89374	460.6325	1283.277	56.411354	521.3333	650.9	195999	85.2919	9.570504	124.173996	-36.591187	85.29165	9.574008	124.94646	-25.903252	-3.053036	2.257694	35.97396	-16.027214	-85.88402	7.5529265	29195.664427280426
99	394.16272	28.213882	422.3766	365.94882	939.81366	555.89606	2235.85	78.54262	1000.0	744.9	197999	85.46433	9.691384	127.8641	-54.40302	85.46421	9.694951	128.98647	-70.08484	-3.1130135	2.2505744	41.83291	-15.141448	-86.0493	7.471867	29315.116145133972
100	1134.8218	526.11523	1660.937	608.70654	894.0164	594.7165	1750.3344	34.740242	1000.0	641.2	199999	85.70038	9.835145	127.135796	-40.64419	85.70025	9.834541	129.06079	-52.336334	-3.0816166	2.2646255	36.048668	-15.011899	-86.28893	7.5782976	29432.969544172287
101	358.93896	11.759109	370.6981	347.17987	765.5211	387.97806	1134.7659	55.439285	1000.0	660.6	201999	85.92036	10.058716	127.72192	-50.079132	85.91955	10.069072	129.21526	-47.467514	-3.1056108	2.266218	44.91374	-14.137449	-86.507195	7.4888783	29555.00040245056
102	451.1867	284.29675	924.8432	226.76498	1125.4316	763.3791	1988.2404	30.671474	673.25	614.3	203999	86.14392	10.079086	127.80766	-41.14417	86.14414	10.081705	130.58913	-41.336906	-3.0852847	2.2866783	37.372448	-15.479925	-86.73714	7.5774393	29676.191259622574
103	1185.0352	510.23785	1695.2731	674.79736	1306.5631	736.5675	2281.9004	25.479563	681.0	685.9	205999	86.58608	10.445013	129.67372	-52.53908	86.58644	10.448781	131.69061	-65.24302	-3.079305	2.278784	44.28471	-17.906742	-87.17355	7.529718	29801.15891957283
104	457.05893	103.23166	560.2906	353.82727	1473.1486	643.40405	2271.0264	18.1703	1000.0	901.7	207999	86.82752	10.606065	129.58026	-51.692772	86.82705	10.607448	131.2306	-41.252876	-3.0917697	2.270182	44.433846	-15.946667	-87.41249	7.391084	29928.358698368073
105	438.80783	468.16025	1090.5287	11.922684	1302.14	698.14594	2267.7585	281.5044	680.0	828.5	209999	87.03891	10.775631	129.58276	-64.62428	87.03891	10.779295	130.72482	-56.34919	-3.0277812	2.3189511	47.128742	-14.572033	-87.63471	7.619011	30053.63902401924
106	512.0138	377.1928	1050.7642	31.421427	1528.0236	771.05035	2487.4546	166.57848	558.75	837.2	211999	87.37323	11.076695	132.75375	-41.35214	87.37318	11.067366	133.01476	-35.61567	-3.0269916	2.3341336	61.946037	-16.384212	-87.96569	8.230934	30178.75213074684
107	1416.2548	76.61658	1492.8713	1339.6382	957.33875	388.33984	1361.7153	198.21106	1000.0	825.6	213999	87.72272	11.350315	133.92177	-34.45328	87.72271	11.355277	134.00485	-38.068172	-2.99663	2.340825	31.359665	-14.148417	-88.313225	7.651632	30306.883000850677
108	961.49786	71.50592	1033.0038	889.99194	874.35596	649.2404	1874.103	43.788727	1000.0	495.5	215999	88.11913	11.681428	132.25034	-54.0714	88.11894	11.67906	134.01912	-33.995228	-3.0230575	2.3399546	34.02083	-15.11365	-88.69318	7.849726	30420.1249935627
109	590.4918	124.514694	715.00653	465.97714	1576.6875	765.3105	2648.6416	400.00113	1000.0	784.6	217999	88.35026	11.936796	134.70027	-48.830887	88.35026	11.937559	135.84395	-38.727684	-2.9850857	2.340059	36.053062	-14.064152	-88.92118	7.8311477	30542.628800153732
110	964.3107	770.62384	2041.3091	281.4249	1223.3085	805.3963	2487.9702	111.423	712.0	796.2	219999	88.60999	12.265844	134.98819	-53.801598	88.60968	12.274138	137.00406	-40.13687	-2.9787407	2.3779402	52.103577	-15.190185	-89.18905	8.14862	30670.124551534653
111	526.71356	97.447	621.4042	392.65524	862.3332	516.62445	1765.5219	70.36114	523.0	597.7	221999	88.92036	12.595309	136.38379	-43.372414	88.92029	12.595834	138.04515	-48.38152	-2.9749405	2.3699956	37.966522	-14.133917	-89.49973	8.492871	30787.9497590065
112	782.085	277.9028	1059.9878	504.18222	864.016	411.30826	1553.952	241.66197	1000.0	668.4	223999	89.23494	12.800512	137.06381	-51.26989	89.23474	12.794446	137.11902	-44.556694	-2.9548275	2.3914511	56.832603	-13.944387	-89.80837	8.355955	30906.92360329628
113	303.7556	4.9506073	308.7062	298.805	1827.4713	662.8614	2491.994	499.59283	1000.0	922.4	225999	89.47631	13.078991	136.59747	-32.319363	89.47629	13.07841	141.02708	-33.21841	-2.9429996	2.4134057	51.65557	-13.382566	-90.06344	8.179871	31032.99191880226
114	430.8135	251.63625	738.7691	102.53978	1734.1047	554.3936	2462.0356	977.12177	336.85715	957.9	227999	89.71459	13.304482	139.73163	-50.78598	89.71472	13.304208	138.10164	-58.248405	-2.902522	2.4388788	45.294678	-13.092519	-90.29268	9.155592	31162.626880168915
115	761.58777	54.52942	816.1172	707.05835	2344.3916	275.01117	2611.4324	1718.0259	1000.0	947.6	229999	90.07932	13.616192	139.78574	-32.291134	90.07896	13.61362	143.33994	-29.09706	-2.9187465	2.430588	42.87141	-15.3610935	-90.66728	8.578103	31289.710337400436
116	841.2418	670.8483	1894.8688	50.510525	833.6576	265.60092	1081.2278	168.91373	610.75	704.2	231999	90.59775	14.219445	143.37662	-53.627483	90.59788	14.225806	143.85672	-46.366966	-2.89803	2.4364753	30.477009	-16.989986	-91.17702	9.000796	31411.636835098267
117	549.8164	35.503082	585.31946	514.3133	1457.7649	814.14343	2236.0735	91.540825	1000.0	811.7	233999	90.83332	14.414337	145.22356	-51.0002	90.83306	14.410266	145.81645	-27.84165	-2.8970912	2.4189558	35.26056	-13.7807665	-91.40393	8.884674	31541.683631658554
118	1054.1926	196.91098	1314.2551	837.9261	1809.7194	739.39166	2838.0083	381.31128	554.3333	806.0	235999	91.05338	14.728562	144.7683	-45.677967	91.05269	14.727142	144.72461	-60.971527	-2.9039128	2.4354618	28.79718	-14.086882	-91.623985	9.069569	31671.655258655548
119	873.70294	217.66394	1179.3751	689.4061	1869.3291	716.03784	2888.3325	857.26855	633.0	863.3	237999	91.41013	15.122964	147.08003	-49.17524	91.41065	15.128769	146.6413	-45.45655	-2.839128	2.4652944	36.68368	-13.1512375	-91.97314	9.927481	31797.238626480103
120	870.5476	829.41266	2043.0614	256.06757	1883.2985	594.1168	2414.4834	569.90497	706.6667	1000.0	239999	91.76209	15.409057	148.1416	-41.363438	91.76241	15.413716	153.42288	-43.726578	-2.8773215	2.458937	33.32021	-15.59078	-92.32516	10.080059	31921.345821857452
121	1124.3417	873.97156	1998.3132	250.3702	2016.7656	714.9284	2802.3755	641.9179	1000.0	904.5	241999	92.1474	15.948552	149.74602	-62.209545	92.14713	15.947268	151.91682	-34.528877	-2.83639	2.5056012	31.596003	-13.791706	-92.712746	9.739843	32043.60081768036
122	706.49805	236.27681	938.1795	382.1318	2032.2162	556.93195	2629.4692	1004.2562	543.0	950.7	243999	92.59496	16.499199	152.66515	-39.204533	92.59521	16.503845	153.60066	-32.78948	-2.7776265	2.5277433	43.084816	-14.842227	-93.166565	10.200885	32168.194637537003
123	358.5244	263.5628	749.523	65.718666	752.1195	590.21326	1634.6166	35.471237	432.16666	377.9	245999	92.78437	16.801441	152.53796	-45.504757	92.78429	16.803352	155.13126	-37.337868	-2.7809067	2.5555372	52.262177	-13.3539	-93.3439	10.211811	32280.3545422554
124	1487.8195	685.3043	2173.1238	802.51514	2134.9653	778.9496	2589.1606	137.55582	684.0	905.1	247999	93.27749	17.373293	153.29758	-44.092514	93.27719	17.374681	155.15044	-37.908848	-2.7990575	2.5529013	47.94104	-14.026098	-93.84716	10.93409	32404.03635954857
125	1164.31	603.48206	1881.1761	234.6758	1947.8015	921.882	3061.6548	22.308437	649.25	814.1	249999	93.84924	17.964512	156.34344	-42.37158	93.8499	17.9612	157.05106	-43.456783	-2.7801254	2.5845625	44.35805	-13.64689	-94.40085	11.292751	32534.670392751694
126	1633.9282	614.2448	2248.173	1019.6834	2247.5522	511.93845	2618.903	755.6966	1000.0	932.2	251999	94.26717	18.467724	158.96103	-42.111572	94.26652	18.47062	158.2532	-50.50502	-2.7273662	2.5892744	46.158875	-15.066658	-94.82092	11.176899	32667.493579149246
127	868.31494	275.3556	1143.6705	592.95935	2513.3228	617.91504	2936.1272	1237.3613	1000.0	945.5	253999	94.72105	18.988293	161.10014	-65.86142	94.72163	18.98933	162.05478	-46.77242	-2.6848435	2.6459777	41.91024	-14.293013	-95.28334	11.720211	32799.98849582672
128	728.6252	778.5478	1828.1788	129.43872	1473.7948	666.73016	2758.455	558.2663	633.0	865.7	255999	95.29297	19.59838	161.30035	-35.04336	95.29276	19.594778	160.93524	-38.485973	-2.6756306	2.6330993	40.785618	-13.800904	-95.844284	11.172941	32931.599029779434
129	1218.9464	112.47412	1331.4205	1106.4723	1147.6296	902.78876	3174.9517	49.70176	819.0	424.5	257999	95.61403	20.093029	161.57626	-58.361607	95.61368	20.08611	162.23477	-50.572803	-2.6636682	2.6676908	32.314087	-14.14311	-96.1718	12.491515	33049.00107073784
130	954.8551	802.27606	2317.4336	263.28613	2330.3457	772.157	3291.3894	1015.6745	596.5	1000.0	259999	95.95218	20.590195	163.4256	-43.044453	95.95244	20.592861	164.58405	-51.32699	-2.6133811	2.6997967	34.650837	-14.631338	-96.50477	12.794279	33184.23672294617
131	943.88605	1026.929	2382.258	50.95061	1172.9573	870.5612	2904.0261	52.97272	679.6667	456.4	261999	96.31317	21.25976	164.52681	-55.91451	96.31383	21.261007	167.01572	-49.37432	-2.5944834	2.7513616	32.108578	-15.133964	-96.87552	12.701906	33305.7730550766
132	1826.8562	571.695	2398.5513	1255.1613	973.404	576.3857	1908.6385	37.05234	775.0	522.5	263999	96.94626	21.90941	166.45987	-65.7926	96.94599	21.904808	165.7495	-32.476078	-2.5526094	2.7589266	36.14854	-13.08691	-97.510185	13.488254	33429.30953216553
133	1302.7928	741.2611	2189.6682	375.31888	2009.5525	975.4052	3056.3203	304.44366	718.6667	849.8	265999	97.75818	22.677435	170.5168	-52.96268	97.75818	22.68136	169.46423	-62.249435	-2.5072498	2.7804527	43.710026	-12.932398	-98.319664	13.291344	33560.576771736145
134	769.38745	516.7242	1352.0304	7.1378884	1209.4176	753.82745	3320.7488	563.9026	554.25	841.1	267999	98.27937	23.44629	170.765	-48.981396	98.27931	23.445066	177.90607	-68.24146	-2.477495	2.8346007	38.940063	-14.552362	-98.83461	14.135964	33689.64737200737
135	652.28375	256.61166	1005.9594	405.0224	840.7287	407.96863	1372.7905	221.32765	740.3333	466.7	269999	98.71755	24.120663	174.35887	-45.992077	98.71715	24.120249	173.785	-45.253365	-2.4962509	2.8215363	38.25269	-13.403038	-99.28204	13.651014	33808.792862176895
136	1378.477	1061.5735	2440.0505	316.9035	1242.4896	565.4668	2093.923	366.83765	994.5	791.4	271999	99.13044	24.70946	177.78604	-58.398003	99.13033	24.709225	177.474	-43.58284	-2.4757771	2.8374128	36.62377	-13.525776	-99.68969	14.8364105	33935.03953552246
137	1278.3961	866.4764	2486.8108	498.1986	1908.6797	1057.543	3230.1113	435.21	516.6667	836.2	273999	99.75719	25.473812	184.4522	-39.527416	99.75738	25.471973	180.61041	-63.937576	-2.4704926	2.8766239	37.018044	-13.984148	-100.316315	14.431005	34056.8942193985
138	1509.918	834.6758	2166.279	332.0799	996.2256	553.8813	1911.646	32.151157	720.3333	513.1	275999	100.38345	26.076674	182.59349	-44.281445	100.38335	26.078524	181.10089	-57.46872	-2.4421494	2.8922915	43.371933	-14.049578	-100.91803	15.894787	34173.503744363785
139	719.07715	916.16003	2013.0377	14.884689	2812.659	412.3026	3239.4797	1940.1013	599.6667	929.4	277999	100.82602	26.707233	179.5268	-53.935364	100.8261	26.707266	181.17921	-39.876656	-2.4210575	2.9112134	39.569725	-13.872587	-101.37106	15.510652	34301.395997047424
140	763.3874	174.78058	1000.9079	585.37866	1724.5215	825.25433	3207.38	327.77448	549.6667	784.2	279999	101.12342	27.248669	181.91606	-75.45806	101.12266	27.249353	183.42192	-47.986713	-2.4023046	2.90228	42.02602	-15.482168	-101.659615	16.43065	34426.637189388275
141	791.0081	382.81665	1328.8033	468.2116	2648.368	529.95294	3071.8667	1220.8743	739.0	1000.0	281999	101.55449	27.709417	183.84349	-47.47601	101.55469	27.707165	185.05455	-75.236046	-2.3979826	2.9128973	43.34043	-13.694994	-102.08388	15.875673	34551.237606287
142	1202.9342	970.349	2173.2832	232.58527	2802.2537	404.439	3071.4355	1606.918	1000.0	960.0	283999	101.99776	28.265318	189.31143	-47.806435	101.99748	28.268555	187.0561	-44.80434	-2.3613439	2.9559639	47.079987	-12.997889	-102.53401	16.691305	34680.581352472305
143	1618.4463	990.98895	2673.4685	409.23904	2125.9324	1052.8986	3473.0847	475.2217	611.5	700.4	285999	102.48778	28.78075	187.72195	-60.946564	102.48759	28.780125	189.52568	-36.607162	-2.3721876	2.9423223	34.270348	-13.592234	-103.01671	16.400263	34815.24289679527
144	1500.1727	814.4916	2314.6643	685.6812	3245.6934	118.12662	3401.717	3079.4004	1000.0	1000.0	287999	102.87413	29.29883	192.51826	-60.81612	102.87464	29.299986	193.7929	-37.42624	-2.376999	2.951269	32.463142	-13.821556	-103.41772	16.130701	34947.81085538864
145	1702.0327	978.98047	2706.7603	374.7471	2780.562	550.76337	3232.3484	1365.0063	724.6667	910.1	289999	103.34768	29.794819	189.68271	-45.35776	103.34772	29.791779	189.78346	-40.638184	-2.3419743	2.9737911	37.212543	-14.291428	-103.87125	17.452734	35088.292300224304
146	2399.2576	402.02496	2801.2825	1997.2325	2804.2793	616.2187	3333.5813	1420.2449	899.0	929.7	291999	103.87468	30.356575	192.42902	-48.161934	103.87389	30.357977	189.6595	-38.689117	-2.3463244	2.9862099	35.43203	-13.025963	-104.39676	16.310226	35221.22004175186
147	1077.1606	1058.021	2875.284	181.70914	3166.6392	183.1593	3578.5193	2955.93	390.25	1000.0	293999	104.57214	31.106615	191.33571	-31.473572	104.57232	31.109999	192.88483	-39.681152	-2.2996585	2.9995658	28.876892	-14.321062	-105.08019	17.7821	35356.61321377754
148	2048.3079	887.42773	2909.7913	827.2011	1761.7766	992.32513	3334.1255	167.69685	763.3333	556.6	295999	105.42026	31.977005	197.8803	-83.516594	105.4197	31.978575	198.39758	-62.53718	-2.2069888	3.046535	43.86462	-14.847758	-105.93466	18.28206	35479.39634895325
149	2452.7756	210.04053	2662.8162	2242.735	1205.8611	761.1737	2560.0203	45.388195	1000.0	540.3	297999	106.04634	32.579308	194.79092	-40.759678	106.0467	32.575886	195.78133	-54.274075	-2.1973035	3.0577383	49.460037	-13.579429	-106.574776	18.534433	35595.57981991768
150	1782.9305	1311.5963	3094.5269	471.33417	3006.7954	828.1154	3571.468	806.1334	1000.0	887.8	299999	106.55432	33.285927	198.90497	-55.794014	106.55404	33.28605	198.59122	-47.713467	-2.163438	3.1006405	37.342094	-14.166178	-107.08185	19.339363	35722.668118715286
151	2038.222	669.2003	2560.05	1093.5571	2526.6306	1050.609	3676.0945	838.6057	745.3333	765.1	301999	107.62934	34.349697	204.32173	-55.60462	107.62849	34.351284	199.83476	-52.318493	-2.0522115	3.1656244	46.30876	-13.617813	-108.14961	19.798588	35845.00767445564
152	1016.8914	167.64886	1184.5403	849.24255	1553.8171	1099.7797	3379.0923	125.67181	651.5	660.2	303999	108.33774	35.28427	203.94206	-63.488243	108.33856	35.278904	205.29141	-71.55938	-2.0400465	3.197884	44.638138	-12.985426	-108.87695	21.178322	35965.09878706932
153	1244.8461	954.1897	3174.4106	156.97597	2550.3052	768.83575	3275.604	954.31116	432.16666	960.1	305999	109.03018	36.039764	204.47893	-66.76508	109.02973	36.044624	206.88666	-39.178123	-2.0729504	3.1874511	51.26613	-13.673723	-109.52135	21.104074	36094.79974794388
154	1901.356	966.0779	2867.4338	935.278	735.3832	510.28738	1391.2472	67.34123	671.0	379.4	307999	109.81051	36.829735	207.38058	-68.601746	109.81098	36.831688	207.15446	-76.559746	-2.0544298	3.1925304	33.724976	-14.507729	-110.33542	21.348375	36208.7992105484
155	2083.17	842.575	3025.302	980.28955	3397.1882	360.57742	3752.9602	2366.3425	937.0	1000.0	309999	110.57567	37.62708	209.21722	-56.229805	110.57514	37.624672	211.6655	-53.436054	-1.9686848	3.2198858	38.102867	-13.512247	-111.06505	22.836653	36342.06126999855
156	1662.9498	973.9357	3024.9246	804.21277	3453.395	506.13824	3865.9285	1995.325	594.0	1000.0	311999	111.35196	38.452972	211.1457	-102.70486	111.35188	38.45802	212.62148	-37.200382	-1.9667326	3.2511597	33.54059	-13.523843	-111.85122	21.817528	36470.89074730873
157	1483.9613	706.73193	2434.4321	741.03394	2730.0444	594.46686	3320.735	1031.0237	734.0	914.8	313999	112.31974	39.302135	212.69635	-49.753376	112.32055	39.3002	212.0074	-62.65772	-1.8832284	3.288491	40.52499	-13.736865	-112.821686	23.62509	36598.55883407593
158	705.49286	424.16055	1450.5302	137.85524	2869.7163	668.7864	3334.7864	954.40607	242.85715	1000.0	315999	112.8441	40.050888	216.79141	-100.87816	112.84363	40.050446	218.80986	-69.35986	-1.8908548	3.2935643	39.916706	-14.0004425	-113.35088	24.72232	36731.633286476135
159	1477.5199	859.16095	2690.364	807.9063	3142.508	167.64035	3503.359	2881.2834	534.0	1000.0	317999	113.36927	40.648895	221.26486	-74.37585	113.36999	40.64902	221.87215	-49.646664	-1.8900814	3.3163893	39.845566	-13.384335	-113.85119	24.48743	36865.46578621864
160	1993.714	1233.2478	2967.0222	253.72316	2182.232	1347.0266	3536.0137	307.7005	694.0	682.6	319999	114.25544	41.465168	226.3181	-60.39743	114.25469	41.468166	222.52531	-62.562298	-1.872709	3.3077211	50.08692	-14.324036	-114.733475	24.668077	36989.067058324814
161	2922.0898	36.933594	2959.0234	2885.1562	1019.7062	706.1582	2678.197	87.44488	1000.0	582.1	321999	114.94574	42.156834	226.94806	-84.87254	114.94645	42.156094	229.35915	-68.79127	-1.8010774	3.3592846	35.635246	-13.697979	-115.42678	26.535976	37110.090790748596
162	2859.6687	511.4965	3278.043	2139.4382	731.6485	626.1895	1853.461	42.36907	906.6667	478.5	323999	115.8919	42.876358	221.3379	-93.82306	115.89287	42.875477	226.47084	-53.577454	-1.7632966	3.3937516	44.54897	-14.039284	-116.37581	25.586166	37229.54574537277
163	1707.9768	1209.6758	2917.6526	498.30112	1055.3748	886.4424	3282.931	19.095016	1000.0	495.9	325999	116.60569	43.563904	226.44717	-64.71152	116.60455	43.561707	229.44077	-72.81904	-1.7294832	3.38664	46.738068	-14.938524	-117.08697	25.606773	37347.24625825882
164	1609.5591	1047.3894	2656.9485	562.1696	1096.8918	504.33215	1869.9579	340.75375	950.0	681.3	327999	116.77262	44.091164	227.69061	-73.19266	116.77242	44.090477	228.93533	-95.55263	-1.7443528	3.3756254	33.541138	-13.623242	-117.26339	26.242453	37469.44436168671
165	1200.328	224.0834	1424.4114	976.24457	1302.3273	1022.1892	3142.2822	108.33204	713.0	531.6	329999	117.61868	44.83985	227.67172	-146.98836	117.62003	44.83668	227.40504	-64.14531	-1.7063972	3.43937	43.789318	-12.790381	-118.08188	26.645922	37586.71938538551
166	927.1915	430.78366	1379.6042	217.34874	3937.575	125.42179	4160.4326	3786.288	473.0	1000.0	331999	118.02124	45.383797	230.01834	-58.981285	118.02145	45.386574	227.48329	-76.07806	-1.666105	3.4343112	53.985664	-13.761206	-118.51372	26.61671	37718.364684820175
167	2146.6147	695.9672	3115.7122	1247.5139	1227.2952	981.2672	3832.235	33.306763	665.75	340.4	333999	119.04605	46.335354	232.3183	-67.02378	119.04669	46.339848	233.32593	-53.234634	-1.6565648	3.4428	84.286804	-12.981579	-119.53766	28.225042	37831.15650033951
168	1030.0555	998.6715	2683.013	14.4701605	2509.2305	1499.2603	4081.0884	10.390944	523.5	752.2	335999	119.68855	46.943485	227.53067	-73.83335	119.68735	46.946774	231.51349	-132.962	-1.6318355	3.4672537	37.253822	-15.549299	-120.15407	27.749739	37956.54403281212
169	983.08545	1094.3047	2524.6482	94.22682	2765.3867	1399.3772	4161.396	12.964197	584.3333	726.4	337999	119.92386	47.55964	234.81259	-63.18329	119.92418	47.560394	232.30272	-74.29863	-1.5900962	3.4924896	38.757534	-14.113678	-120.41354	28.98068	38077.91119146347
170	1609.1096	799.66254	2902.0288	897.59357	3599.5854	479.75208	4176.9434	2726.2102	539.25	971.9	339999	120.58445	48.164665	234.05983	-77.371925	120.58405	48.16402	235.08441	-140.08957	-1.6219466	3.4864242	34.65671	-13.228569	-121.0745	30.397203	38211.72794723511
171	2685.2976	413.53638	3098.834	2271.7612	3866.4226	460.86172	4203.199	2526.5178	842.5	961.1	341999	121.47758	48.925426	235.79666	-65.64101	121.47929	48.926033	234.15791	-75.31503	-1.5917566	3.5009542	36.9757	-13.04455	-121.951546	30.904688	38342.86585044861
172	3266.1357	12.182983	3278.3186	3253.9526	3978.5261	68.06724	4088.9038	3862.0894	1000.0	1000.0	343999	122.27904	49.565155	233.8257	-53.7924	122.27929	49.56125	235.98637	-66.80143	-1.5816839	3.4813037	52.20789	-16.124235	-122.75125	29.788786	38473.42176651955
173	3016.9019	240.20459	3257.1064	2776.6973	2199.3337	1133.9719	3783.2969	583.62195	936.0	617.3	345999	123.30299	50.42013	242.64828	-83.58393	123.30208	50.41911	237.9642	-67.30952	-1.5120145	3.5512676	30.105034	-13.326897	-123.7823	31.988142	38594.43060183525
174	1895.9092	1128.0916	3365.5776	623.54175	3048.1536	1026.8485	4185.3604	1386.7299	812.0	770.1	347999	123.90976	51.105354	239.80371	-58.854427	123.91056	51.10625	240.82068	-56.087673	-1.4879804	3.5570333	34.2218	-12.948452	-124.38152	31.90351	38718.14402580261
175	1573.877	260.89444	1852.1876	1224.945	2856.7754	1388.6649	4277.4316	129.89034	699.6667	744.4	349999	124.39163	51.655643	241.813	-65.45031	124.39181	51.652	240.98915	-59.480667	-1.5121955	3.5254061	33.92684	-13.403525	-124.8367	31.070671	38842.58206987381
176	901.758	726.74786	2034.8281	51.81942	2099.6877	1494.2368	4146.544	628.31964	285.6	544.5	351999	125.15023	52.367928	247.87144	-48.966034	125.15073	52.369347	247.07587	-69.309456	-1.4843831	3.5082047	38.46258	-16.427654	-125.62301	31.465395	38965.22090816498
177	1565.9631	1235.3615	3431.4006	135.81322	3768.0156	609.49194	4135.795	1967.9573	451.75	1000.0	353999	126.16926	53.23262	243.46661	-82.69544	126.17011	53.23571	245.64236	-92.01567	-1.4509461	3.607608	37.064606	-15.839983	-126.64165	32.979607	39096.34315395355
178	3010.0723	547.8595	3557.9316	2462.2126	2751.5647	1401.907	4454.071	273.89117	1000.0	711.0	355999	127.29181	54.01276	247.78238	-68.377144	127.29143	54.00487	246.89114	-100.75386	-1.3785015	3.6408875	35.986473	-14.205483	-127.75726	34.995213	39220.53633975983
179	1398.2637	1251.1361	3591.7	174.94325	2962.782	1031.9023	4338.9204	1026.7189	444.5	817.8	357999	127.87164	54.637386	248.89111	-99.37227	127.8717	54.63745	249.9649	-59.971962	-1.3870195	3.6440144	44.16893	-14.576522	-128.31966	34.486195	39347.16213464737
180	1832.8413	1371.6097	3754.258	641.72424	1943.5427	1550.4674	4075.2559	93.450874	502.66666	488.6	359999	128.72829	55.37839	251.66463	-55.751015	128.72948	55.381794	251.03798	-57.155483	-1.3170987	3.6361682	38.534115	-13.636211	-129.20152	33.815277	39467.81202840805
181	2202.406	1458.7041	3935.2373	366.61014	1489.5944	846.90424	3025.1838	592.2972	592.0	399.9	361999	129.66058	56.038017	252.87732	-49.211433	129.65843	56.045998	254.62798	-92.26185	-1.305787	3.6578891	32.9696	-14.997515	-130.12782	36.328335	39587.570714473724
182	2714.819	778.5405	3321.4756	1615.7749	2876.2239	1746.4099	4444.86	137.04272	808.0	707.1	363999	130.74814	56.87648	255.36559	-61.587124	130.7488	56.87718	256.93665	-66.216	-1.2521675	3.7129495	29.380125	-14.980952	-131.21204	36.429783	39711.47375822067
183	3775.122	99.56738	3874.6895	3675.5547	3063.13	1779.4315	4464.9995	14.653484	1000.0	719.3	365999	131.9132	57.773335	255.4436	-105.9573	131.91321	57.775803	256.41824	-111.97139	-1.2306489	3.6695096	34.14768	-15.998848	-132.3745	36.982864	39837.40651297569
184	1962.8542	1593.1606	3585.47	40.70102	3298.556	1353.7678	4552.666	164.07816	560.5	811.6	367999	133.12804	58.724113	255.68536	-76.21628	133.12703	58.72283	258.8715	-75.76964	-1.2719376	3.698159	49.8751	-16.142483	-133.57442	36.95604	39964.963507175446
185	2668.4307	1088.3175	3756.748	1580.1132	2445.5234	1953.2756	4575.943	19.53481	1000.0	711.7	369999	133.97972	59.62939	260.7039	-68.496315	133.98132	59.628944	264.40924	-115.92263	-1.2226044	3.7227366	41.261818	-14.025362	-134.44919	35.969986	40090.994381189346
186	2281.0554	1534.4216	3815.477	746.6338	4260.5747	161.60582	4534.417	4050.7485	1000.0	1000.0	371999	134.80579	60.636913	262.00903	-75.28411	134.80438	60.639465	263.53253	-111.197205	-1.1773909	3.729415	40.389954	-14.173004	-135.25685	37.974464	40224.92943406105
187	1971.6958	921.8967	2641.2632	381.80695	4540.86	136.41212	4769.5884	4325.9897	541.75	992.7	373999	135.43163	61.38935	264.62808	-96.91279	135.43257	61.38967	265.84525	-77.79275	-1.1298784	3.8078597	49.032543	-15.333639	-135.89677	39.59117	40359.4859085083
188	1176.6853	741.41003	2289.5095	254.73326	3765.8777	821.7166	4432.223	1469.8625	326.0	1000.0	375999	136.4982	62.170433	267.87253	-158.73085	136.49881	62.172623	265.50253	-77.658356	-1.090445	3.7831273	52.369164	-13.625174	-136.94919	40.199066	40495.878934144974
189	3337.6238	598.8402	3761.2788	2490.7356	2866.0085	1498.3788	4540.0117	166.91014	896.0	737.8	377999	137.24954	62.843227	267.60638	-80.810905	137.2495	62.845608	264.82053	-64.9808	-1.0641233	3.8071175	29.4218	-17.99195	-137.69472	39.707947	40623.42450404167
190	3343.1116	324.57544	3667.687	3018.5361	4039.4368	876.6279	4718.542	2067.2727	903.0	961.9	379999	138.4804	63.6613	270.7921	-99.86003	138.48096	63.669746	271.89047	-148.21764	-0.98170185	3.8314767	39.009422	-14.71492	-138.95285	44.104378	40756.17700004578
191	2314.408	1551.6213	3867.6528	195.44943	3657.461	1629.9945	4826.7324	378.91235	623.0	800.4	381999	139.35616	64.483116	269.14255	-67.99187	139.35555	64.47905	271.1165	-65.35503	-0.9737894	3.883117	42.52894	-13.71142	-139.83784	42.463993	40883.79506826401
192	1880.6294	1423.5472	3563.5503	82.31846	1963.4158	1545.5109	4488.983	148.90413	508.66666	597.9	383999	140.72496	65.4661	270.62613	-84.30431	140.72475	65.468704	273.44818	-74.2376	-0.9500391	3.8447852	38.675972	-16.8233	-141.17331	42.780678	41005.54243135452
193	3336.0605	212.62234	3589.2769	3069.012	4027.8333	615.39844	4442.551	2226.7273	900.6667	940.6	385999	141.695	66.32636	274.50595	-122.3088	141.69623	66.32626	274.62207	-130.57489	-0.9516777	3.869688	49.94677	-13.30898	-142.14024	42.649303	41137.60426735878
194	2518.9773	1165.186	4055.109	1234.4695	3226.5393	1439.2589	4697.5684	740.1035	646.3333	692.6	387999	142.98558	67.25162	271.76334	-105.55918	142.98424	67.249725	274.05008	-104.6449	-0.87263393	3.9041724	38.149483	-13.596349	-143.46425	46.037384	41264.38705396652
195	2544.624	1187.8071	3732.4312	1356.8169	4104.1045	1086.6625	4747.2896	945.0863	689.5	983.3	389999	144.01926	67.97688	275.23795	-105.12475	144.01971	67.97937	272.78592	-68.94359	-0.8913371	3.9120317	33.043156	-12.933537	-144.48549	46.12608	41398.90209817886
196	3914.5505	49.16992	3963.7205	3865.3806	4594.9844	118.19221	4771.507	4450.0884	1000.0	1000.0	391999	145.47533	68.7515	281.8378	-99.68965	145.4749	68.74972	281.371	-105.84792	-0.92537373	3.8619473	39.351765	-12.979577	-145.91957	41.395275	41531.67617535591
197	3752.513	234.49243	3987.0054	3518.0205	4402.198	197.5097	4697.884	4023.5286	1000.0	1000.0	393999	146.45618	69.57234	282.4652	-134.99937	146.45651	69.57055	280.62277	-105.940636	-0.9059271	3.8908947	35.84703	-15.187982	-146.89465	45.022602	41665.93309211731
198	3951.9438	33.944336	3985.8882	3917.9995	3780.696	931.56323	4516.3574	1821.4742	1000.0	1000.0	395999	147.21626	70.28796	282.8691	-127.44876	147.21712	70.28349	284.78796	-109.80596	-0.8494932	3.9318542	50.236485	-13.451708	-147.6525	49.24558	41800.4604306221
199	3847.7317	717.5014	4552.1123	2863.0083	4670.6113	95.56207	4828.626	4538.8853	910.6667	1000.0	397999	148.52444	71.117256	282.35168	-129.27466	148.52399	71.12117	284.34995	-153.19572	-0.79002845	3.9261081	38.637333	-12.575587	-148.94446	45.97833	41934.79727554321
200	3807.5327	23.31189	3830.8447	3784.221	4729.3193	110.37198	4877.745	4464.861	1000.0	1000.0	399999	149.61324	72.088295	285.4524	-81.205414	149.61362	72.08784	287.7584	-69.02111	-0.83242416	3.944728	58.36421	-13.169839	-150.05772	46.23983	42069.15041637421
201	3444.9224	237.25354	3682.1758	3207.6687	2956.3762	1510.037	4773.988	751.9237	880.0	691.3	401999	151.13007	73.19342	291.72775	-103.85138	151.12997	73.19076	288.32175	-78.5751	-0.6893571	3.988094	42.90242	-12.915465	-151.61418	47.227695	42194.78433442116
202	3143.3079	1508.902	4291.5015	1011.5152	3928.7056	1093.9927	4473.1694	667.1378	749.0	917.7	403999	151.94283	74.0532	290.27145	-156.43433	151.94246	74.0531	291.04318	-94.75713	-0.6748052	4.0051727	42.260227	-13.9398985	-152.41653	48.49736	42330.37806940079
203	3096.0125	975.1399	4071.1523	2120.8726	4767.894	128.98868	4964.595	4505.9727	763.0	1000.0	405999	153.30354	75.09783	290.35886	-58.446136	153.30292	75.099884	293.12735	-74.63567	-0.6470551	4.050613	48.408722	-13.735121	-153.79047	47.56764	42462.96659827232
204	2614.7483	1434.9781	4122.6006	684.58685	4672.8623	257.85208	5022.957	4117.4097	655.0	1000.0	407999	154.83057	76.15364	300.70303	-106.835014	154.83076	76.15194	298.76617	-73.18172	-0.6665774	4.0148306	38.42591	-13.327787	-155.27754	51.172413	42599.217290878296
205	3382.8733	1221.7477	4317.4644	1657.0447	2284.808	1394.3398	4690.522	170.88515	794.0	546.5	409999	155.67757	76.71595	302.26413	-149.96304	155.67706	76.72115	298.37085	-130.3916	-0.62130636	4.037685	35.952477	-13.423137	-156.1435	52.445553	42722.47902369499
206	3067.5493	829.11084	3896.6602	2238.4385	3850.562	1308.9741	5127.398	1771.2789	779.5	820.3	411999	156.92728	77.576836	306.13507	-79.54015	156.92744	77.575096	307.07104	-80.4608	-0.5517636	4.096288	53.47625	-14.014057	-157.40149	49.916935	42851.44060611725
207	2692.9297	1634.1913	3905.0642	382.77365	4067.69	124.6297	4233.997	3842.1165	703.6667	1000.0	413999	158.11288	78.589584	304.09186	-97.01001	158.11478	78.59355	304.85498	-99.00925	-0.50197583	4.08514	42.11801	-14.501609	-158.55865	51.660336	42986.64836406708
208	4309.256	26.236572	4335.4927	4283.0195	4661.0312	150.19318	4929.363	4463.8096	1000.0	1000.0	415999	159.5642	79.43661	304.5824	-131.05284	159.56245	79.43168	308.7383	-92.29802	-0.5161579	4.044059	44.371086	-14.099295	-160.03021	52.372486	43121.294253110886
209	1849.117	1394.1577	4228.9253	730.7943	4168.9507	616.484	4619.8994	2407.308	632.5	1000.0	417999	160.93777	80.21047	307.47037	-165.1713	160.93817	80.209206	303.43854	-77.41839	-0.4743608	4.050673	59.975132	-14.183095	-161.37816	51.923393	43258.47733998299
210	2246.428	1846.1655	4701.923	250.30559	3815.5796	1642.4934	5172.1265	198.81526	513.3333	878.2	419999	161.359	80.90395	312.03552	-118.84943	161.3584	80.90568	308.81342	-133.49318	-0.5044157	4.0898004	56.485928	-15.302135	-161.78125	53.2207	43392.455186367035
211	2937.0515	1704.7744	4306.6646	533.9598	4276.822	1216.2736	5078.0107	1295.6787	717.3333	878.7	421999	162.13269	81.56529	312.74203	-123.45101	162.13322	81.56233	316.5231	-113.13181	-0.4195749	4.0975738	39.609116	-14.484178	-162.5636	53.44469	43523.94511413574
212	4305.208	193.34692	4498.555	4111.8613	4010.9702	1153.4586	4744.135	1527.9103	1000.0	933.2	423999	163.39803	82.40043	314.45007	-111.12967	163.39911	82.40573	310.77887	-103.34301	-0.43804562	4.059338	47.450603	-13.9662485	-163.83514	54.854992	43659.53164291382
213	2421.9614	796.1059	3387.1802	1437.4144	4810.4	220.76643	5099.7397	4355.3013	715.3333	990.9	425999	164.34093	83.12847	310.6894	-85.94947	164.34013	83.13366	309.51065	-93.72314	-0.37395558	4.1502914	41.209686	-13.94535	-164.80591	52.02627	43797.012175798416
214	3172.4883	1337.523	4510.011	1834.9652	4611.1895	882.30927	5126.4834	1990.8894	717.0	1000.0	427999	165.14288	83.98178	314.87152	-81.95978	165.14397	83.97878	316.31073	-82.430305	-0.37425202	4.1471877	73.33903	-14.956837	-165.59532	56.497837	43931.39519190788
215	4245.581	10.937988	4256.519	4234.643	4565.918	998.2659	5149.291	1602.3774	1000.0	935.1	429999	166.57977	84.762344	314.93787	-120.226425	166.5801	84.75779	315.52853	-143.76582	-0.28348273	4.16995	42.74508	-13.541136	-167.0325	56.037766	44065.530239105225
216	4382.493	57.981445	4440.4746	4324.5117	4625.2866	743.28174	5084.89	2440.3132	1000.0	951.8	431999	167.67722	85.437675	314.72174	-130.8012	167.67561	85.43926	315.66876	-185.52315	-0.31310907	4.166955	64.298065	-13.026266	-168.13512	58.857296	44199.63849782944
217	2880.43	2008.6254	4317.655	39.872242	4418.2617	1468.7463	5303.398	838.40485	674.6667	919.2	433999	168.94315	86.28711	317.34964	-113.8611	168.94325	86.2864	318.02188	-152.05722	-0.36454076	4.132591	45.596134	-13.334671	-169.36934	55.91354	44333.51356482506
218	2849.652	1295.5219	4067.5093	1055.3192	3732.356	1598.1039	5260.249	1067.872	758.6667	753.7	435999	169.77122	87.01676	319.9244	-85.81156	169.77264	87.01999	326.47098	-184.18915	-0.27268848	4.20205	40.260403	-13.189834	-170.21193	57.44948	44461.09341049194
219	2633.3467	1370.9714	4004.318	1262.3751	3873.7188	1784.1583	5345.0044	227.13292	1000.0	779.1	437999	170.97668	87.98362	325.53418	-111.12635	170.97632	87.98633	322.0494	-105.27846	-0.27022457	4.1764455	35.91012	-15.069341	-171.41194	55.469692	44593.456595659256
220	2984.4446	1408.4397	4392.8843	1576.005	4430.8477	874.3239	5071.496	2405.4294	1000.0	965.3	439999	171.906	88.67985	323.422	-148.2954	171.9053	88.677925	324.8447	-116.4438	-0.23997861	4.16911	41.96235	-14.55509	-172.35211	61.059414	44731.68816423416
221	3891.5667	205.12915	4096.696	3686.4375	2977.2937	1985.4111	5235.8403	198.7347	944.0	627.0	441999	172.86856	89.358955	328.36243	-119.78159	172.86823	89.35578	326.44272	-118.45219	-0.2670406	4.1441054	46.174713	-13.942097	-173.30583	56.478104	44866.53621149063
222	2693.7053	1868.0977	4603.096	814.6873	2166.558	1544.9694	4986.895	127.28966	600.75	574.7	443999	173.79532	90.01594	323.61566	-119.75524	173.79622	90.01868	328.7328	-113.785034	-0.23836109	4.2045445	41.98664	-14.136179	-174.22673	60.940407	44991.9884724617
223	3139.7725	1327.2091	4466.9814	1812.5634	5131.128	113.72303	5346.392	4989.045	681.5	1000.0	445999	174.94836	90.64127	326.3855	-121.19674	174.94846	90.63688	328.1999	-129.41519	-0.2682946	4.1498237	54.374504	-13.907869	-175.3485	59.17886	45128.38364267349
224	4446.8584	26.69336	4473.552	4420.165	4827.2285	110.78785	4955.5776	4662.0713	1000.0	1000.0	447999	175.78864	91.28572	328.86975	-125.89142	175.7887	91.28542	329.81482	-151.95743	-0.21319301	4.196631	43.4336	-13.495373	-176.22606	60.2001	45265.15390372276
225	1780.9247	1875.1245	4431.2656	378.89798	4815.0645	1353.6534	5695.354	803.19916	710.3333	917.3	449999	176.3623	91.95382	328.69434	-94.358376	176.36221	91.94836	331.76306	-105.773735	-0.19075203	4.191092	41.27062	-12.290337	-176.77904	58.61026	45399.62428498268
226	4573.8174	86.36182	4660.179	4487.4556	4609.4585	214.28998	4812.7544	4015.3374	1000.0	1000.0	451999	177.28275	92.62627	331.47424	-97.55306	177.28392	92.628784	334.8715	-148.26651	-0.14636315	4.22199	53.12391	-14.716747	-177.71481	60.48651	45537.458203077316
227	3042.8184	1685.9595	4818.6875	777.0573	4648.3677	639.44934	5079.579	2995.049	656.0	937.0	453999	178.24532	93.18942	330.05026	-126.86582	178.24513	93.18943	333.9488	-107.04576	-0.17820661	4.265975	36.537777	-13.369715	-178.67484	62.279274	45670.30959558487
228	3147.3938	1893.0206	4537.5483	470.92966	4481.1113	1193.6838	5158.3213	967.48944	705.6667	1000.0	455999	179.57428	93.76849	333.1971	-92.52638	179.57376	93.7703	334.22943	-105.057434	-0.11297287	4.286562	62.245285	-14.39439	-180.02223	61.87637	45807.4919090271
229	3808.3335	262.95056	4071.2842	3545.383	5095.952	134.2572	5348.4814	4883.7017	906.0	1000.0	457999	181.07498	94.618004	332.76617	-145.12193	181.07594	94.61396	334.5162	-113.28406	0.001375233	4.304428	56.59595	-14.643918	-181.51413	63.565807	45943.635643959045
230	2990.3987	2086.8115	4510.6914	39.65738	3622.2769	1697.3933	5173.058	486.47113	674.6667	732.6	459999	182.35942	95.3657	336.45605	-101.19315	182.35783	95.360016	339.04327	-93.70709	0.021196451	4.294591	61.165024	-12.716403	-182.801	61.29042	46074.50982284546
231	2448.2854	1182.4414	4055.6921	1245.2902	4998.625	599.4373	5386.2974	3328.0854	718.6667	965.4	461999	182.92178	96.05793	341.01785	-110.58405	182.92276	96.05907	341.50717	-112.10902	-0.011631298	4.2828245	44.108425	-12.919523	-183.32774	63.060894	46211.372683525085
232	2974.5986	1909.0692	4712.7466	96.28303	3364.099	2076.413	5507.6763	226.6078	630.5	636.5	463999	183.60481	96.6652	342.76917	-143.46109	183.60466	96.66246	340.13013	-89.47158	-0.008702378	4.2566757	53.394577	-13.519318	-183.98434	63.290897	46340.75590276718
233	3991.1196	646.62354	4637.743	3344.496	3680.6235	1978.1984	5095.7095	13.755868	883.5	752.0	465999	184.2438	97.14263	341.85266	-131.46463	184.24326	97.14143	343.631	-133.76044	0.01828953	4.281674	41.307373	-16.96315	-184.66902	66.33064	46471.82494807243
234	4713.8193	40.685303	4754.505	4673.1343	4839.005	953.66144	5347.963	1996.3953	1000.0	938.5	467999	185.63551	97.693596	342.80817	-113.86344	185.63606	97.696724	345.12732	-141.37186	0.0855644	4.3094015	42.750275	-14.985028	-186.04863	67.82364	46607.415825128555
235	3195.9724	1498.3903	4694.363	1697.5822	3532.75	1926.1565	5373.5005	337.45053	1000.0	779.8	469999	186.254	98.2279	339.44458	-155.1052	186.25449	98.22456	338.13098	-136.02032	0.07728942	4.3030477	40.613014	-14.925034	-186.67061	67.66377	46743.2241358757
236	3048.5464	1554.9413	4603.488	1493.6052	2916.7954	1792.9546	4850.3403	199.11482	666.0	601.9	471999	187.01611	98.96622	339.4673	-88.02072	187.01643	98.962906	340.68515	-143.46361	0.07706299	4.273651	40.274292	-17.06743	-187.46323	65.59639	46873.271532058716
237	2485.741	1968.0295	4597.611	255.24272	5037.544	461.78696	5355.9272	3715.9636	567.25	1000.0	473999	188.21526	99.60719	342.60703	-157.09259	188.21458	99.60419	342.91312	-175.83623	0.08369036	4.3142333	65.58766	-13.504319	-188.61372	67.06906	47009.760105371475
238	3418.1829	1639.2382	4658.0938	1101.8728	3983.0767	1466.3124	5200.46	743.2516	751.3333	794.8	475999	189.25945	99.961975	343.6366	-105.17111	189.25912	99.97127	345.18057	-152.42665	0.13213694	4.308239	38.00241	-13.720037	-189.64787	68.64119	47143.20167565346
239	4605.412	62.188232	4667.6	4543.2236	4465.6294	1593.6636	5527.2715	1072.8789	1000.0	920.9	477999	190.49762	100.55277	343.4743	-134.3697	190.4971	100.550255	345.70172	-125.38616	0.11271233	4.3126054	55.412865	-13.166248	-190.88841	67.028175	47282.78707289696
240	3096.8064	2156.6934	4661.479	47.128365	4827.528	837.8866	5226.0674	2330.1143	674.3333	949.7	479999	191.49692	101.16512	346.12747	-173.21242	191.4973	101.16682	349.94046	-140.21532	0.12048518	4.3632617	55.7545	-14.327575	-191.91464	63.701775	47426.21255707741
241	2940.1501	2064.2668	4458.57	21.635328	4794.173	824.3201	5292.5884	2392.9668	673.6667	937.7	481999	192.53348	101.8226	349.8148	-139.3492	192.5338	101.817955	350.05542	-137.3298	0.13720478	4.344152	75.476715	-13.667936	-192.93015	67.30889	47565.092530965805
242	4419.005	392.25024	4811.2554	4026.755	4541.5366	1206.9849	5124.428	972.1261	929.5	1000.0	483999	193.21806	102.334755	348.91995	-183.11896	193.2192	102.33113	351.30762	-110.680336	0.18703176	4.3854046	51.34709	-13.0225525	-193.59944	67.00464	47709.89576673508
243	2743.267	1710.5736	4453.841	1032.6936	5309.618	181.21829	5466.903	4882.713	1000.0	1000.0	485999	193.98907	102.789856	351.4863	-184.50775	193.98875	102.790855	352.29065	-96.96237	0.2055739	4.3722177	43.092876	-13.890818	-194.40561	70.97413	47853.06243777275
244	3783.946	1034.9683	4558.533	2321.1292	5324.2773	205.04047	5648.3013	4945.16	838.6667	1000.0	487999	194.58195	103.36728	347.55255	-86.42954	194.5817	103.36559	351.45377	-114.47368	0.1948159	4.3703322	75.20985	-14.57504	-195.01146	65.42867	47994.05949354172
245	4712.1904	117.221436	4829.4116	4594.9688	4334.7783	1135.1389	5273.2573	1783.9554	1000.0	911.3	489999	195.82826	103.882195	349.65753	-138.22522	195.82788	103.88408	349.63742	-162.95686	0.2306761	4.386069	51.28366	-14.503853	-196.2259	67.543686	48133.37352871895
246	2650.8538	1445.8107	4688.6006	1486.2269	5233.3667	182.6571	5425.071	4815.5347	584.3333	1000.0	491999	196.7307	104.37965	353.84955	-157.07697	196.73166	104.3766	354.63806	-189.07193	0.28681028	4.3806562	56.95694	-13.591405	-197.11264	70.31927	48269.63535404205
247	2695.2861	2181.4492	4876.7354	513.8369	5294.4814	174.272	5587.8906	5098.6484	1000.0	1000.0	493999	197.10466	104.74912	353.53586	-158.25938	197.10394	104.7477	357.53	-95.34387	0.26656145	4.368248	53.495644	-14.666253	-197.49678	70.08753	48406.3748729229
248	4671.1587	148.77734	4819.936	4522.3813	3850.1206	1256.5692	4966.363	1456.9642	1000.0	817.8	495999	198.35172	105.17004	357.44046	-87.610085	198.35156	105.17262	357.25162	-87.594765	0.2769509	4.3627725	52.57143	-13.217531	-198.71233	70.19519	48532.63603067398
249	4264.624	566.8933	4831.517	3697.7305	5127.573	552.87445	5565.4614	3540.089	906.5	1000.0	497999	198.9874	105.530914	355.75418	-88.47892	198.9862	105.5292	358.13162	-123.32585	0.2825279	4.3916154	45.571674	-12.681446	-199.39497	70.26345	48668.5101184845
250	3476.5576	1113.8285	4590.386	2362.7292	4199.599	1383.3394	5288.174	963.0533	742.5	929.3	499999	200.33485	106.243225	355.65344	-177.46109	200.33633	106.23951	359.6784	-148.1614	0.3600404	4.4662056	67.87683	-12.501521	-200.7381	69.67913	48803.99832177162
251	4618.7314	31.947021	4650.678	4586.784	4290.0337	1250.9415	5120.2573	1335.8331	1000.0	877.4	501999	201.15936	106.86638	359.7269	-62.09116	201.15866	106.8634	361.57706	-137.62926	0.3154929	4.418051	55.83578	-12.410382	-201.56372	67.15151	48933.91528129578
252	3754.3105	1288.1918	4742.679	1934.795	5241.716	190.80864	5571.6133	4989.134	809.0	991.6	503999	201.81534	107.36944	362.6818	-109.95315	201.8153	107.37136	363.34308	-111.906654	0.33427882	4.4106784	52.093533	-16.312042	-202.19171	74.078156	49062.4451751709
253	2540.0923	1581.741	4615.506	779.6472	4910.6084	179.65913	5230.213	4525.2544	724.6667	1000.0	505999	202.96294	107.80046	360.70688	-116.98214	202.96275	107.80264	361.06064	-214.08888	0.41104767	4.4021726	53.73	-13.023171	-203.3484	73.542816	49197.514209508896
254	4559.741	45.742188	4605.4834	4513.999	4370.47	1631.6199	5599.5835	1093.1112	1000.0	882.6	507999	203.63667	108.36231	363.57614	-125.1019	203.63757	108.36434	361.88177	-123.12059	0.39083943	4.4218817	53.833694	-13.768286	-204.04689	74.7839	49326.205216407776
255	3763.0754	1053.0168	4816.0923	2710.0586	3823.2632	1828.0637	5211.096	199.98012	804.5	767.0	509999	204.60966	108.87681	362.24396	-82.363815	204.60974	108.87949	361.1054	-170.56937	0.3644009	4.3795576	48.918785	-14.260466	-205.04094	70.3279	49457.775289297104
256	3558.2031	1039.8104	4598.0137	2518.3928	3441.4897	1860.8422	5567.8696	1131.9119	1000.0	813.2	511999	205.80267	109.40955	361.6171	-101.16989	205.80257	109.41126	364.0528	-170.93373	0.3736666	4.4297943	44.68143	-16.025513	-206.23479	74.2045	49587.979085445404
257	4741.713	55.409424	4797.122	4686.303	4692.8223	637.72723	5079.589	2809.9612	1000.0	955.1	513999	206.78346	109.90307	362.4977	-103.4841	206.7833	109.89655	369.3612	-85.28761	0.40308845	4.395863	46.887623	-13.120338	-207.16292	71.83844	49720.36364722252
258	4761.875	165.28467	4927.1597	4596.5903	1227.0486	703.6681	2558.8247	121.641754	1000.0	351.0	515999	207.78635	110.131836	368.24323	-136.15462	207.78606	110.13051	369.49725	-113.76182	0.3612538	4.420565	52.671585	-13.499928	-208.14062	76.131615	49845.80549168587
259	3462.0662	1515.0646	4575.695	1320.0062	4611.336	1462.5502	5316.9414	251.44505	761.3333	906.9	517999	208.44244	110.408905	365.51535	-124.055756	208.44556	110.40616	366.96783	-148.41109	0.4604859	4.4389114	61.113815	-15.971153	-208.84302	77.15811	49986.398304224014
260	3330.4407	1790.3293	4849.5996	816.713	5081.55	164.52605	5417.986	4816.1514	736.0	1000.0	519999	208.86282	110.937096	370.30768	-76.83708	208.86192	110.93329	369.543	-150.7354	0.38289827	4.4227123	50.75789	-16.878572	-209.21985	76.96667	50131.33609747887
261	4807.115	28.132568	4835.2476	4778.9824	4032.3762	1557.3577	5344.4087	1539.701	1000.0	766.0	521999	209.6438	111.16216	369.2322	-102.052246	209.64397	111.15705	368.71606	-94.50449	0.39140233	4.4210124	87.57719	-13.256156	-210.01328	69.44467	50269.62965512276
262	2641.7705	1668.4261	4762.8423	686.10364	4489.167	1128.8707	5399.2544	2121.4402	563.0	911.0	523999	210.45654	111.62614	368.6731	-129.92853	210.45737	111.62362	369.90762	-110.80707	0.48056585	4.4304724	55.59534	-14.943436	-210.81294	71.27161	50408.009472608566
263	4691.3984	316.7024	5008.101	4374.6963	3949.1	1436.4636	5288.6133	1258.9286	1000.0	783.9	525999	211.04984	111.892105	367.5934	-132.69594	211.04971	111.89351	372.07053	-105.7238	0.49502048	4.4961777	55.44124	-15.276516	-211.38869	74.62725	50543.86712503433
264	4758.026	93.649414	4851.6753	4664.3765	5154.4346	151.08789	5399.2334	4888.6426	1000.0	1000.0	527999	212.00327	112.19521	371.6074	-132.02925	212.00362	112.19243	371.42926	-112.68448	0.54233056	4.4891114	42.957947	-12.6373825	-212.39394	75.65384	50689.85748910904
265	2266.8052	1776.3966	4685.617	469.7019	3348.3022	1523.3507	5198.8604	926.17725	784.0	759.8	529999	213.17915	112.5256	370.10648	-114.511765	213.17883	112.523834	370.10577	-171.50621	0.5215083	4.4843597	71.43319	-12.7612915	-213.5245	75.956985	50827.48607754707
266	4110.6724	460.90686	4571.579	3649.7654	4943.511	906.1888	5591.731	2286.096	921.5	940.8	531999	213.39932	112.71049	372.89615	-100.54261	213.39899	112.7101	371.72864	-127.75919	0.48838538	4.473135	61.565506	-13.4339905	-213.72806	79.04771	50966.55233454704
267	4889.123	132.16284	5021.286	4756.9604	5327.0107	88.66896	5512.5225	5216.6694	1000.0	1000.0	533999	213.58878	112.91337	381.1238	-84.730576	213.58916	112.91525	374.0755	-110.598045	0.5484974	4.4928536	57.564346	-14.694186	-213.92766	73.404236	51110.79888701439
268	3794.2725	1613.6583	5073.698	1518.0566	5381.2456	215.91939	5757.1606	5046.681	788.0	1000.0	535999	215.0829	113.23004	376.1003	-107.75156	215.08215	113.22682	375.94766	-122.32972	0.55090016	4.455885	49.074074	-13.264233	-215.42671	73.13492	51255.81946873665
269	4044.4873	539.8605	4584.3477	3504.6267	4867.4287	1047.2535	5463.825	1761.2683	857.0	936.2	537999	215.95464	113.48288	377.0044	-243.31502	215.95552	113.480965	374.6529	-113.33046	0.5925458	4.473292	57.731857	-12.56097	-216.28949	76.56047	51401.15793848038
270	4856.0874	93.28516	4949.3726	4762.8022	5370.7334	140.21564	5561.902	5074.1514	1000.0	1000.0	539999	216.54152	113.79932	375.45096	-89.71789	216.54094	113.79973	376.5012	-117.22474	0.58238024	4.458984	52.0341	-13.0773735	-216.88025	74.96686	51545.939821243286
271	3167.8398	1076.6498	4549.3213	1922.6678	4755.9385	738.0163	5442.7183	2925.4937	658.0	911.6	541999	216.82576	114.27504	374.0687	-89.12778	216.82646	114.27785	376.49442	-138.13208	0.61571264	4.5000277	55.954674	-16.167984	-217.17598	77.260315	51683.11998438835
272	4770.285	22.901123	4793.186	4747.384	5360.3247	187.0722	5627.5093	4949.224	1000.0	1000.0	543999	217.85292	114.40881	375.36835	-95.175606	217.85217	114.410934	376.14368	-117.402054	0.680074	4.509402	45.81083	-13.4339075	-218.16527	82.32626	51819.23129272461
273	4958.233	120.6626	5078.8955	4837.5703	5039.65	699.97217	5515.896	2973.288	1000.0	958.7	545999	219.15575	114.75129	376.34338	-164.61003	219.15584	114.75031	378.17206	-145.11478	0.60928243	4.476046	53.53076	-13.3385105	-219.45482	80.59125	51951.69622063637
274	3405.041	1138.0347	4543.0757	2267.0063	5416.751	122.63411	5553.7554	5183.543	744.0	1000.0	547999	219.12518	114.9559	378.2106	-107.9438	219.1248	114.95219	382.01944	-154.86949	0.6603951	4.4968853	50.923862	-15.36247	-219.48428	81.58642	52086.616706848145
275	4805.919	192.85889	4998.778	4613.06	5216.299	154.40387	5413.017	4931.8486	1000.0	1000.0	549999	220.41718	115.22936	377.56378	-90.31503	220.4177	115.22803	377.4943	-139.11392	0.63528454	4.4589157	51.34669	-13.116703	-220.73889	70.778206	52220.62458610535
276	4712.926	88.85718	4801.783	4624.069	5431.672	130.74953	5649.46	5247.4365	1000.0	1000.0	551999	220.45918	115.59541	376.12756	-180.94534	220.46011	115.5916	376.12097	-159.41493	0.6227425	4.458319	60.553513	-12.999607	-220.77841	79.25609	52357.37933635712
277	4905.8765	171.34375	5077.22	4734.5327	5003.8755	133.76622	5149.813	4710.5103	1000.0	994.0	553999	221.24638	115.592804	376.85522	-161.18985	221.24506	115.58242	377.9481	-148.66998	0.69351006	4.4968	55.809578	-13.54082	-221.55966	77.66209	52490.406410217285
278	3410.0686	1378.5813	4788.65	2031.4873	4858.596	989.71704	5394.932	1917.6982	1000.0	996.2	555999	222.32928	115.82269	382.22485	-123.483345	222.33014	115.825905	382.29877	-115.984924	0.71574056	4.4564695	44.340626	-13.880102	-222.6523	77.119286	52626.315135002136
279	4898.526	3.2490234	4901.775	4895.277	5342.6245	121.76257	5557.5083	5191.5474	1000.0	1000.0	557999	222.25012	116.25297	381.25778	-105.59917	222.2514	116.245026	384.55145	-141.79143	0.6823982	4.449806	45.829712	-15.74609	-222.5613	83.66248	52759.75525069237
280	5052.3906	3.439209	5055.8296	5048.951	5095.0054	683.40564	5794.033	3122.2612	1000.0	960.1	559999	223.42645	116.483635	380.60114	-113.19713	223.42612	116.48196	381.31656	-148.9733	0.76874155	4.459703	55.888027	-18.57201	-223.73825	76.57733	52897.26468920708
281	3430.2898	2276.2637	5088.1685	211.65517	5219.318	88.52603	5323.145	5077.731	688.6667	1000.0	561999	224.20078	116.74676	380.81052	-134.91675	224.20168	116.73199	382.1693	-87.15792	0.7266721	4.4483113	54.245644	-12.408345	-224.51016	81.689545	53038.52736592293
282	3868.5547	997.6404	4800.6016	2485.255	4950.763	1389.1128	5575.295	794.1941	812.6667	918.0	563999	225.03584	117.20583	381.38342	-126.261665	225.03436	117.20715	382.023	-132.73611	0.7899196	4.492408	53.25425	-13.192503	-225.37344	78.560844	53194.2040643692
283	4861.413	141.40015	5002.8135	4720.013	5467.4346	188.28787	5755.265	5100.9775	1000.0	1000.0	565999	225.7109	117.35153	383.23425	-108.180756	225.71344	117.35227	388.31882	-158.70113	0.7115444	4.450392	60.498302	-14.716177	-226.01714	77.782646	53506.84149837494
284	3438.2512	1378.6931	4816.9443	2059.558	3785.2156	1405.8099	5156.792	193.11246	722.5	751.0	567999	226.1804	117.64897	383.2409	-147.62944	226.17876	117.64628	387.93228	-88.36349	0.7234759	4.4583573	57.573204	-11.990867	-226.48622	77.05139	53879.29104733467
