Epoch	AverageEpRet	StdEpRet	MaxEpRet	MinEpRet	AverageTestEpRet	StdTestEpRet	MaxTestEpRet	MinTestEpRet	EpLen	TestEpLen	TotalEnvInteracts	AverageQVals	StdQVals	MaxQVals	MinQVals	LossPi	LossQ	Time
1	17.959547	14.076231	104.832306	4.9551096	39.038887	1.3765758	40.677097	37.074642	20.989246	22.2	1999	3.1925285	2.0997002	16.796156	-1.8597822	-3.7770875	0.112806596	79.12948608398438
2	17.637115	15.973875	126.40207	4.1398892	38.79147	0.8348948	40.208206	37.01408	21.28125	22.1	3999	18.725668	9.741335	57.355675	-17.949953	-21.800539	2.360926	279.4695301055908
3	16.093605	12.891121	77.34016	4.5587897	216.75903	4.3573856	222.80963	210.78094	21.505377	124.0	5999	47.550316	16.152037	102.63142	-44.69118	-53.336212	12.339187	473.27611565589905
4	19.030767	23.661856	147.21614	4.9897313	88.68463	1.3889521	90.44932	87.048195	21.526882	55.5	7999	94.27957	33.145695	214.04602	-210.90208	-106.178345	48.72709	660.1761314868927
5	18.014845	14.458002	80.24719	4.9036136	199.85544	4.792355	207.2123	190.26956	21.663044	102.2	9999	186.89526	65.90722	417.52808	-239.3372	-211.30908	180.4743	848.1769232749939
6	193.22678	22.050186	233.58652	158.07574	201.72177	2.0691025	205.228	199.03864	102.26316	96.4	11999	346.44165	114.9553	626.49976	-428.95334	-385.69745	536.2046	1041.6008834838867
7	108.17836	94.52875	226.5037	-1.6878628	-1.3844315	0.25846076	-0.8716547	-1.6675813	64.1875	19.0	13999	455.7178	140.6029	658.73376	-521.70483	-485.5118	764.9774	1225.26584815979
8	-1.396977	0.697568	4.540038	-2.3451004	-1.4012427	0.19956896	-1.0863898	-1.6955463	18.794392	18.2	15999	493.94745	139.67719	666.87823	-350.21567	-524.2129	852.3842	1414.16881275177
9	80.45147	124.358864	445.8934	-1.4916198	11.784662	0.82771134	13.530317	10.748355	48.939392	12.7	17999	534.2049	157.97365	816.62775	-241.7983	-567.8657	1047.7538	1601.2943398952484
10	321.0774	359.7736	1033.5326	24.299318	87.42399	2.9946916	93.10234	83.3111	250.22223	81.1	19999	600.5385	159.51132	903.7657	-287.93402	-633.7665	979.11365	1794.2099046707153
11	377.41785	100.240456	493.98038	138.50844	446.96796	42.00571	514.4149	387.30518	216.0	264.8	21999	651.4319	167.49454	950.07886	-413.78986	-684.6561	1074.4427	2000.3777968883514
12	393.0397	150.298	579.1959	22.002438	432.19424	69.54742	566.32513	350.9387	207.1	234.8	23999	701.44073	177.43127	972.77997	-524.76605	-733.35474	1095.7382	2202.3822164535522
13	311.1913	132.27621	529.2158	39.51276	447.78897	29.490967	503.94086	408.60898	146.35715	179.8	25999	741.82104	178.38356	1113.4612	-414.24142	-773.7909	1154.1646	2405.6942460536957
14	292.35287	128.2615	468.66965	33.270084	324.53775	1.8542738	327.33154	321.37943	120.23529	129.2	27999	778.6694	189.18257	1114.0413	-440.72272	-810.3255	1248.7002	2610.50040268898
15	178.62321	121.54676	328.82526	42.477337	298.8128	22.775745	330.42062	262.09137	84.478264	149.4	29999	798.4123	204.78357	1127.8889	-619.88477	-828.1739	1322.3547	2818.8543195724487
16	189.17224	115.61652	336.48328	4.493038	4.7999268	0.24827646	5.183597	4.455133	114.5	30.6	31999	794.2893	216.83879	1170.9789	-372.64008	-822.2027	1357.4644	3021.162155151367
17	258.0375	190.1226	521.98944	5.1691885	620.0321	155.2611	1026.508	480.95563	149.08333	447.4	33999	804.4721	223.36827	1136.4025	-507.8803	-833.3911	1372.2982	3251.1759028434753
18	157.89828	191.8148	589.7465	8.325168	68.863	131.55989	451.06772	11.678785	138.6875	100.3	35999	825.9404	223.79495	1135.5437	-540.0316	-855.2029	1404.062	3463.342730283737
19	206.38338	91.794975	388.97168	18.139986	337.70804	27.918764	365.645	270.2477	133.64285	174.6	37999	839.0848	221.04561	1165.791	-524.81213	-865.54364	1502.831	3684.3353233337402
20	301.4416	79.34772	485.17346	161.51236	428.70868	35.637756	488.99048	361.47458	133.53334	156.4	39999	837.42926	234.11833	1232.7921	-529.16656	-864.0181	1427.3625	3912.395515203476
21	358.74652	121.292755	562.9996	34.941444	352.962	85.08151	524.3225	253.14024	148.35715	161.3	41999	850.59625	251.69867	1269.8654	-544.63257	-878.1307	1259.8633	4140.853463888168
22	436.09793	102.98519	661.9763	248.29173	418.68573	211.0101	756.0387	190.75488	223.88889	590.6	43999	855.09454	263.2124	1274.1368	-526.9227	-880.83136	1345.0212	4389.697773218155
23	192.91068	246.94817	859.5383	8.671535	104.899536	40.190342	179.45988	68.04538	196.0	211.3	45999	865.7606	266.05908	1264.1122	-557.90216	-892.68475	1298.3583	4624.494441509247
24	250.3822	225.0211	636.2177	8.562754	486.73492	70.20055	565.5496	361.52917	178.2	179.2	47999	884.8255	273.22986	1308.8689	-442.59378	-911.17426	1520.1827	4861.472980737686
25	544.83215	309.64957	1345.39	318.68597	394.46994	36.243927	461.27106	348.13052	265.125	156.1	49999	901.6355	280.7231	1312.7421	-526.1072	-929.1986	1516.7168	5101.53879070282
26	432.24207	77.65545	557.4401	268.0785	393.22614	75.85386	536.9539	310.07202	175.41667	155.7	51999	911.0951	291.72195	1327.6543	-454.801	-937.8044	1481.5165	5340.058837413788
27	450.9742	154.55522	717.0087	250.97064	479.47275	239.73856	1147.3505	253.5696	199.3	247.4	53999	907.93713	292.6139	1279.139	-532.53986	-933.13727	1459.7228	5577.4800572395325
28	361.1743	79.19304	517.6094	237.34908	586.46014	109.95226	802.6048	407.54227	182.09091	432.9	55999	899.76935	289.84775	1247.256	-510.0378	-923.3405	1293.3473	5838.018580913544
29	557.62286	317.50262	949.2101	32.73927	376.22705	39.133625	445.8394	299.61966	377.2	177.9	57999	889.24097	295.91675	1227.5066	-553.00195	-912.11273	1232.8601	6083.695185422897
30	643.1875	188.03015	968.1344	515.9697	977.2291	13.184721	1006.95746	956.90826	391.25	975.9	59999	875.64526	302.77234	1232.3264	-595.2409	-897.4728	1200.6295	6360.9240601062775
31	480.27606	311.56198	918.00165	28.03325	40.084755	19.91005	74.30155	19.204037	526.6	55.5	61999	866.036	297.31662	1220.5782	-818.30457	-887.19763	1208.8263	6594.410810470581
32	60.317547	37.644787	168.17361	21.174402	226.76006	176.9384	692.6464	86.205894	82.5	250.5	63999	856.52386	284.61505	1188.545	-753.4463	-877.59576	1303.954	6844.960751533508
33	138.01654	109.14841	337.62622	33.19654	809.6317	10.669168	825.3704	795.5665	158.22223	1000.0	65999	848.2	271.40237	1157.2605	-690.00684	-868.87036	1229.9921	7145.476646184921
34	192.65302	214.31435	797.5803	40.67162	119.96428	39.69187	167.98207	58.550507	253.6	166.3	67999	846.3631	260.69882	1165.8041	-548.37836	-866.66693	1225.3055	7425.072494268417
35	149.89041	106.70625	329.39984	7.8864217	225.5267	194.25359	726.24677	100.67064	162.75	148.4	69999	841.49133	251.143	1129.1102	-570.22705	-860.22534	1163.9039	7708.4572541713715
36	323.67123	185.45981	787.3181	116.49935	388.88126	133.21109	562.5407	254.5754	170.58333	153.0	71999	826.1652	239.2256	1117.4482	-535.0236	-843.9073	1174.2507	8031.101767778397
37	268.69498	159.46855	547.2903	39.6182	396.09183	281.3933	995.52045	167.92021	146.58333	296.8	73999	805.0236	233.4245	1074.124	-751.97864	-821.67236	1088.066	8376.103093147278
38	497.30634	142.5298	672.3386	282.62204	489.42276	267.90546	1215.7725	217.67142	316.85715	269.1	75999	788.5146	231.39201	1034.0106	-515.046	-805.1113	1095.4751	8716.834236383438
39	445.68924	249.39928	996.79407	284.5807	1045.3665	15.027722	1070.7513	1025.4745	338.0	1000.0	77999	772.345	227.40437	1021.8728	-737.5675	-787.8922	1048.9028	9113.405192375183
40	407.0262	315.9373	1031.9792	106.89049	831.96954	289.7753	1022.89594	358.7959	271.33334	750.8	79999	760.0277	227.09198	1010.3587	-619.1989	-775.5482	1053.5002	9496.675350666046
41	424.9071	247.57092	1139.7205	164.53787	420.1295	71.28832	601.3355	322.60126	219.27272	164.5	81999	748.2063	230.37666	1009.3244	-580.9814	-763.2769	898.66223	9820.969206571579
42	277.0772	117.939285	593.2639	138.77306	165.1713	39.855934	282.46994	143.68605	130.2	99.8	83999	738.8863	230.63281	978.7297	-955.38293	-753.7284	912.9685	10154.984878778458
43	198.24103	114.67436	428.02325	50.44594	164.77095	74.23113	382.03827	116.67887	100.85	90.3	85999	721.3231	231.64793	947.3569	-1021.79034	-735.06415	818.2934	10504.63566827774
44	252.64143	163.78491	762.9405	137.1567	264.362	109.65858	537.14685	196.84607	158.0	148.0	87999	701.5116	229.34547	956.3862	-740.43964	-715.065	795.7217	10847.793558120728
45	629.78625	290.68185	1044.1482	319.5161	501.23785	376.72952	1149.998	47.494392	390.4	413.5	89999	687.269	223.2727	937.8319	-796.20245	-700.57574	712.9843	11218.512610197067
46	322.1491	285.41232	1012.97217	22.526142	567.23145	330.8494	1154.5392	278.6177	163.6	464.4	91999	673.2879	218.43718	924.1295	-517.4726	-686.33185	702.7579	11601.902929782867
47	569.6984	289.36575	1113.6788	276.9965	246.08752	448.624	1222.4552	21.771988	379.83334	216.3	93999	661.36487	212.98518	912.8308	-1049.4437	-674.0484	665.52386	11961.725730657578
48	1020.3993	85.673065	1106.0724	934.72626	17.231293	0.66995686	18.56719	16.776403	852.0	17.2	95999	652.7273	209.65263	890.06476	-553.8509	-665.1102	630.0246	12304.311252117157
49	425.23352	234.58536	1012.80994	201.09177	397.0263	172.11082	814.9039	204.7119	210.33333	243.6	97999	643.9309	207.39954	868.2712	-870.66846	-656.3561	669.7079	12670.996306657791
50	437.8282	241.68344	1061.8607	206.57268	347.29526	152.07426	707.6026	252.9712	193.4	149.8	99999	640.30225	204.5654	882.7436	-678.1	-653.22174	652.0474	13027.319724321365
51	346.6008	204.98877	787.73944	147.12193	302.37415	20.10738	331.2483	273.71054	173.5	177.0	101999	637.3178	206.46002	882.80414	-978.2849	-650.29706	657.2462	13384.42168879509
52	384.63672	186.4543	701.7079	193.14005	257.0729	24.654045	287.00592	199.26932	179.09091	139.7	103999	638.45154	207.91826	868.2342	-737.78595	-651.4531	690.57635	13744.813220024109
53	354.1048	220.10913	855.52344	171.95424	1043.8802	2.4519575	1047.7372	1038.0168	208.71428	1000.0	105999	639.7632	207.2174	865.1742	-811.24506	-652.6053	613.87415	14159.286219358444
54	1273.196	2.5022583	1275.6984	1270.6938	1039.8066	3.2980278	1045.3658	1034.5828	880.5	1000.0	107999	637.48047	205.60226	871.00946	-639.89777	-650.02875	629.4131	14546.457869529724
55	1031.8153	7.9653015	1039.7806	1023.85004	993.1951	6.252488	1001.9475	979.3441	1000.0	1000.0	109999	636.48395	198.54294	896.68054	-527.12885	-648.35706	552.1448	14914.748311042786
56	723.70807	411.0089	1134.6475	81.76303	368.20526	84.11101	509.11328	281.29147	556.0	158.9	111999	632.6484	197.24283	916.3451	-506.9381	-644.4583	598.4538	15238.042123556137
57	199.2302	161.69333	495.9141	24.985514	235.36948	37.609673	308.31934	197.9593	96.95	125.1	113999	640.74396	194.96777	950.5359	-513.4965	-654.14026	610.3665	15558.313074111938
58	327.73184	68.650116	476.66675	235.29309	358.34116	114.494484	593.77014	247.78015	147.0	163.2	115999	660.6199	204.35097	992.5784	-508.70355	-675.35785	649.29974	15880.721297502518
59	314.55826	105.8151	519.9594	106.48073	309.96472	12.325663	342.96548	295.31216	137.92857	137.4	117999	670.3391	214.47212	1018.55524	-463.7401	-683.23267	627.80286	16199.716507196426
60	472.16547	132.50758	687.07837	319.3722	913.29346	221.09204	1349.9352	581.8218	198.85715	605.4	119999	661.3173	217.05585	1010.50305	-821.5393	-673.03644	588.6596	16549.61321234703
61	394.7758	469.64975	1398.4508	12.063299	977.16003	381.17526	1546.9724	417.83887	265.0	447.0	121999	650.00464	215.48352	988.2146	-831.3149	-661.6516	618.77374	16892.04908847809
62	537.0732	391.2471	1272.8903	56.12606	785.83466	536.4139	1415.3224	18.103334	253.42857	445.3	123999	640.93726	208.55734	925.55	-456.4485	-652.12665	561.63385	17237.563178539276
63	1294.4226	560.9112	2057.417	725.0113	829.8613	114.94568	1039.4723	691.2554	630.0	384.7	125999	633.47845	204.2406	930.1778	-450.35193	-644.7648	549.32367	17573.62509727478
64	860.21875	176.3116	1143.7675	634.86804	488.57123	202.96796	816.9107	278.7402	403.83334	223.3	127999	625.38654	199.65517	925.22614	-461.50958	-635.9429	506.75775	17901.990273714066
65	429.33414	229.23096	713.95233	23.379936	422.66876	117.1834	702.61975	296.49228	196.6	180.3	129999	613.4104	194.11868	888.5314	-449.74808	-623.6114	526.2381	18224.718194246292
66	712.7333	237.93895	1242.7898	496.39514	661.66565	78.66575	770.65894	517.854	291.14285	293.9	131999	600.5402	190.43861	877.57996	-390.43945	-610.6045	474.03845	18554.989520549774
67	374.0073	296.1067	821.6825	19.978992	810.67126	148.33455	1176.7473	641.95715	183.625	408.2	133999	592.28235	186.32709	861.0047	-602.89545	-602.39764	469.7905	18900.52581501007
68	1070.4602	90.95639	1161.4166	979.50385	1010.19324	0.742322	1011.2485	1008.9811	835.5	1000.0	135999	590.0412	183.57007	846.8262	-443.80994	-600.3656	445.68433	19275.04171681404
69	1017.5978	5.6756287	1023.27344	1011.9222	853.77673	70.896706	967.8873	735.0874	1000.0	550.6	137999	585.056	181.2723	852.2756	-360.16382	-594.41986	425.18658	19626.397586107254
70	448.38745	382.39987	1059.0096	9.600344	592.3617	54.734985	651.04456	512.93024	280.0	326.8	139999	579.4796	178.16942	843.8392	-507.3547	-589.432	419.3298	19957.097739696503
71	391.70816	329.6299	930.4625	46.202057	765.1749	299.10284	1203.106	404.14822	266.5	424.3	141999	575.28656	177.31607	862.4722	-406.52097	-584.7396	407.52164	20303.633224248886
72	673.915	517.9239	1432.2537	41.14338	1036.2333	303.56198	1359.6027	515.68195	466.0	716.8	143999	566.5554	173.21109	839.8546	-403.63754	-575.32214	416.6387	20665.854427337646
73	1366.8928	4.9261475	1371.819	1361.9667	975.49786	427.84125	1577.0619	292.92905	1000.0	587.3	145999	559.02826	167.6429	821.79517	-361.0711	-567.66113	378.98444	21019.80726289749
74	551.0654	439.8885	1264.4625	25.334663	461.3139	249.4984	862.3985	32.29771	383.0	287.1	147999	553.88824	165.70001	786.71545	-387.35995	-562.64685	380.66028	21352.48938393593
75	991.0563	450.59586	1743.7714	554.8855	628.428	441.733	1653.7689	308.26666	574.5	361.1	149999	548.32965	163.95291	759.7944	-360.522	-556.87866	353.68848	21685.52495074272
76	1002.2452	712.35626	1695.5596	22.608093	801.98584	521.18066	1901.0563	49.58321	598.6667	367.5	151999	542.76105	160.8	742.5953	-479.06125	-551.1458	373.22803	22028.314501047134
77	1507.4924	232.66888	1740.1614	1274.8236	1294.6682	463.56036	1921.4908	562.7565	827.5	701.9	153999	535.5429	156.49721	735.8032	-621.79974	-543.5434	336.41437	22381.63797068596
78	827.5926	558.4018	1675.8475	38.393795	1411.0715	429.10434	1924.3245	418.2696	494.6	854.4	155999	527.5933	150.32335	747.1028	-372.8468	-535.349	320.7339	22754.25643801689
79	1068.8196	614.5763	1833.2927	328.4746	557.66534	267.90518	1090.6355	222.94075	600.3333	301.1	157999	520.44666	142.49454	718.3794	-428.5426	-528.25397	318.55792	23091.692029237747
80	454.95776	337.93182	1144.5646	68.66203	1017.08466	633.6511	1870.2396	314.19492	262.75	549.8	159999	516.64594	139.4613	726.72723	-392.71832	-524.4762	294.26996	23440.004454135895
81	866.6968	319.85052	1335.2952	487.33545	327.48984	331.12985	1107.5577	40.6113	516.0	184.3	161999	509.65897	135.22406	738.1994	-428.49094	-516.9002	304.6171	23768.993552446365
82	415.82242	324.16162	1003.9001	65.665535	654.3634	499.19516	1678.3643	246.48535	226.14285	369.5	163999	500.34183	130.57745	703.1994	-361.00204	-507.58533	301.4798	24107.760988473892
83	1178.0208	76.39076	1253.9069	1073.4872	629.0241	128.91829	946.76196	420.2554	772.3333	267.0	165999	495.38492	126.23838	691.56683	-386.27075	-502.67136	290.54797	24442.886710882187
84	687.8983	464.16058	1502.4211	234.3728	475.03506	450.10822	1277.6512	71.53506	392.4	261.5	167999	490.47375	122.99177	703.0172	-344.81598	-497.7078	278.57944	24781.802769184113
85	964.6411	188.8278	1183.8036	722.92444	986.15155	0.5465064	987.3016	985.47284	584.3333	1000.0	169999	487.00116	119.74572	722.58093	-400.20743	-494.46854	278.71176	25162.52703666687
86	903.33093	83.66379	986.99475	819.6672	425.9633	253.92598	903.44855	83.97425	951.5	578.5	171999	485.8835	119.17955	726.6091	-383.1997	-493.00662	276.5694	25518.545305728912
87	446.53143	245.734	694.72217	111.92306	285.91522	407.25482	1268.4808	69.51437	610.5	277.0	173999	483.29288	117.09817	722.596	-493.42935	-490.19617	287.48694	25858.806571006775
88	215.95248	112.75079	379.5044	80.33816	128.3721	90.44362	328.24332	50.124527	397.6	355.8	175999	479.38647	112.099045	711.35034	-312.59677	-485.91818	273.8388	26201.596098661423
89	34.373886	33.55199	101.29383	7.8979897	15.152814	1.007895	16.944149	13.595964	95.27273	42.5	177999	476.03708	106.88205	730.9419	-326.919	-482.94754	288.24704	26532.956587076187
90	35.444893	23.464094	85.124565	11.819915	31.318573	13.308695	71.21802	25.872818	104.333336	76.3	179999	482.7491	101.22447	861.4499	-360.9566	-492.04443	322.51294	26862.793733119965
91	523.42487	448.79443	972.2193	74.6304	721.7699	30.95854	799.5165	692.9648	649.5	1000.0	181999	527.85565	103.18914	906.81683	-340.05682	-540.90796	437.95923	27244.339684724808
92	261.5702	243.67969	883.6946	43.50632	114.78957	42.927044	205.94028	48.089024	247.54546	90.7	183999	559.243	106.34841	1006.08685	-545.9955	-568.6239	499.0175	27572.065460443497
93	192.8258	88.05705	379.15924	84.778175	270.03052	33.69028	351.41476	240.93202	114.10526	128.2	185999	574.0584	110.03042	807.16327	-329.19858	-584.30414	446.5336	27906.095306158066
94	273.7956	30.46191	322.25488	220.12453	292.39575	7.31344	304.25003	282.95593	129.06667	128.9	187999	590.0891	118.2657	827.48224	-317.4617	-599.9863	422.00024	28237.691870212555
95	308.81036	23.871042	365.2151	286.6981	317.87836	8.237739	329.47195	302.85394	127.4375	134.2	189999	596.0687	125.0868	797.2947	-387.52567	-604.9276	425.5962	28574.217270374298
96	358.8683	102.208916	583.1285	236.62923	340.1413	143.07738	527.92847	192.29639	132.53334	129.9	191999	584.9257	128.75267	776.1629	-483.92807	-591.9279	366.37314	28907.38097691536
97	453.58228	130.45784	591.93274	83.678444	415.95108	49.98844	481.97958	310.17767	163.16667	146.5	193999	567.9196	132.45564	745.1804	-353.66864	-575.2109	365.63495	29243.168731451035
98	522.9614	171.57095	837.96454	206.83444	273.30157	37.43476	320.30072	179.6707	175.36363	112.2	195999	555.7972	133.46997	703.8105	-356.20105	-562.89465	355.33035	29579.298629522324
99	185.25319	125.70641	514.4519	55.578804	439.4627	78.80451	523.2429	254.30302	88.565216	157.4	197999	545.29895	133.24895	700.97516	-436.12582	-552.74915	363.79578	29912.788004398346
100	389.18976	157.94794	692.878	169.36021	358.28555	99.87278	480.74344	226.17139	147.5	136.9	199999	536.2505	132.82812	694.0166	-382.30524	-543.2032	304.5404	30251.38465976715
101	764.3875	331.30792	1170.2252	388.81036	1393.0828	423.6611	2226.146	811.50366	309.0	571.5	201999	524.62146	132.04155	681.17566	-550.7006	-531.295	311.55927	30607.863679409027
102	1222.9984	647.2267	1872.2867	339.63058	1106.6681	671.6124	2364.1938	405.1092	615.0	510.4	203999	513.4165	129.99458	669.399	-490.5224	-519.9316	293.93665	30968.21186900139
103	1300.8987	420.76294	1704.1747	595.69763	1251.8446	595.7382	1885.1348	341.4752	533.25	657.9	205999	503.21484	128.50526	662.30743	-360.13736	-509.43155	305.84464	31329.60068488121
104	705.19977	638.2128	2017.0061	161.35414	1060.075	609.6384	2554.932	504.05624	346.0	438.2	207999	489.74387	123.62614	648.0772	-437.65634	-495.5567	278.34637	31683.139568328857
105	746.0733	610.66974	2202.704	335.7677	856.6454	627.29114	2127.0706	294.78854	298.14285	332.7	209999	475.79053	119.00862	656.8538	-430.00143	-481.1862	240.20958	32031.745680093765
106	1292.822	581.8187	2072.2473	559.8471	1785.7816	810.6194	2904.4517	328.4221	484.25	619.0	211999	464.7307	113.914246	653.5896	-538.8437	-470.34177	248.5385	32391.727788686752
107	1681.9537	385.63885	2035.399	1145.5322	1932.474	602.7436	2498.7583	832.51715	619.0	809.2	213999	455.67352	109.74125	629.04663	-364.64844	-461.14838	239.7899	32766.531141281128
108	1062.0815	601.3111	2148.3367	472.6645	925.3957	422.49463	1928.3866	534.48737	421.4	446.8	215999	446.68655	106.440315	613.9205	-387.45468	-451.8533	219.349	33117.59286522865
109	1006.43445	514.79224	1884.9635	421.93182	1295.4069	561.9322	2740.7795	616.92334	427.0	456.4	217999	439.755	104.089874	605.5469	-286.13507	-445.05704	213.36372	33474.58313083649
110	1525.9629	903.7001	2949.293	734.2013	1549.5304	832.04126	2741.5713	585.16376	502.25	568.6	219999	434.8458	103.1719	591.9975	-298.23114	-440.1219	217.58185	33835.09673857689
111	2148.8167	747.4551	2896.2717	1401.3616	1479.3186	950.6768	2755.5518	36.999794	721.5	539.5	221999	432.41443	101.525444	594.5931	-365.491	-437.8447	207.53435	34188.980877161026
112	2607.4968	332.9497	2940.4465	2274.547	1697.9436	1436.3368	3165.7656	32.045597	865.0	551.7	223999	430.83456	100.947685	596.8301	-244.42581	-436.2543	203.36891	34545.18332982063
113	1164.2456	852.32764	3145.6038	587.63617	1037.2136	291.53677	1641.5911	720.4296	375.57144	310.1	225999	429.10428	100.110695	595.9574	-304.88538	-434.44724	221.40616	34884.5853574276
114	1204.3225	1062.5745	3327.3804	590.7861	1766.5133	1066.4773	3110.4202	575.8905	382.0	598.9	227999	427.20517	99.667145	585.3642	-586.11	-432.40555	184.03671	35244.04438376427
115	1955.6229	1053.4596	3064.2058	539.38684	2058.9114	850.0764	3197.9854	595.06793	654.3333	658.9	229999	425.27988	98.538155	574.6127	-308.11517	-430.40128	203.61006	35606.37945103645
116	1276.0603	325.18494	1625.1992	777.35693	1657.5916	1124.6274	3062.5642	180.49435	424.0	570.1	231999	422.48615	99.31703	567.12335	-314.7298	-427.62036	187.58139	35963.71086525917
117	959.4592	287.0052	1536.9797	683.30884	950.0602	305.0329	1489.4917	601.9436	330.66666	330.9	233999	420.6092	99.10151	563.1587	-236.10306	-425.61893	197.67194	36304.62739276886
118	1036.0143	160.11348	1287.867	849.46075	974.10645	130.21115	1170.5139	788.74493	343.5	312.3	235999	418.66635	100.07602	577.0347	-379.85828	-423.69836	184.5622	36649.63917970657
119	859.7745	147.99678	1103.3075	661.9176	970.2134	258.5973	1366.3367	624.12085	278.0	309.8	237999	416.01144	99.56035	560.861	-303.0936	-420.79907	184.36172	37002.509982824326
120	986.53125	253.15761	1288.1698	602.41095	814.7399	144.39722	1005.90906	664.3336	306.7143	272.9	239999	412.89572	100.05599	550.2691	-251.25995	-417.91287	178.64975	37350.065000772476
121	1155.7683	158.96977	1295.9219	850.7163	890.21204	178.86859	1119.6287	568.2294	362.6	298.5	241999	413.07828	99.69436	562.5332	-243.15678	-418.0894	177.23645	37696.53372788429
122	936.7862	120.07065	1133.5332	768.6167	1027.4141	232.78267	1521.2913	728.207	297.83334	328.8	243999	410.95016	99.94649	556.87726	-301.76074	-415.75443	179.97112	38052.702666282654
123	1053.4098	382.3956	1705.9786	481.05896	917.0205	142.25719	1227.0178	766.0755	331.0	294.1	245999	408.83417	99.165375	557.71594	-319.84482	-413.59262	179.7466	38405.84111523628
124	440.0355	323.09973	918.4006	17.72468	913.9435	76.86855	1123.7173	809.9449	169.5	303.3	247999	405.56024	98.684814	547.4497	-281.61493	-410.1021	174.85292	38759.697689533234
125	833.86975	178.85759	1067.0608	633.3352	1077.3918	109.77589	1186.2274	831.2502	282.14285	359.9	249999	403.99307	98.269264	550.28455	-350.051	-408.83115	165.93765	39115.096816301346
126	721.797	269.1866	869.1938	41.393528	1641.7806	659.4176	2664.0693	416.6567	236.5	619.8	251999	403.4234	98.756905	555.93427	-305.92847	-408.10263	168.58934	39489.87000703812
127	1238.4865	225.56828	1641.0424	976.1126	650.25745	623.7406	1781.708	143.77716	406.2	244.9	253999	400.81448	99.39046	548.46783	-216.39828	-405.34195	164.06903	39841.63894701004
128	1053.5808	723.0347	1940.1196	62.238674	884.1701	330.89697	1212.6444	247.49023	373.2	290.6	255999	398.87756	98.170364	549.424	-379.13412	-403.3419	165.97212	40198.0710144043
129	1305.5432	223.51251	1702.6874	1064.9022	1689.573	736.41724	2813.7725	585.2657	463.8	699.1	257999	397.90845	97.35835	538.4624	-188.67404	-402.298	161.97353	40575.45570445061
130	812.46027	440.94962	1312.1725	95.70328	1469.4397	406.63028	2138.6755	732.57336	320.4	516.2	259999	395.74252	96.64685	544.02576	-240.73158	-400.12796	165.43625	40947.0477206707
131	1603.4707	344.68976	2197.5264	1358.2618	1178.568	567.37854	2320.6772	468.32733	596.75	438.8	261999	394.0338	94.77874	539.0837	-239.00168	-398.4585	162.50534	41310.548724889755
132	1270.896	359.66498	1811.8176	837.83966	848.8419	142.97412	1211.6078	715.9934	484.75	306.4	263999	392.21103	94.24382	540.8536	-198.90082	-396.60455	163.89102	41665.62574625015
133	997.8262	695.4791	2098.6023	157.61488	616.1376	209.96236	987.95074	227.25546	322.5	223.5	265999	390.95657	93.01932	543.19946	-241.2436	-395.26218	156.14519	42018.71641612053
134	964.69257	392.94507	1475.2611	384.45575	1376.6771	817.0936	2845.264	453.81277	301.2857	434.6	267999	389.68347	92.671394	542.7018	-196.89659	-393.99252	147.83815	42382.02619290352
135	876.42255	525.2031	1885.6277	303.95514	341.54688	4.8966064	349.16122	334.1819	290.14285	136.7	269999	388.4345	92.50808	535.68787	-228.27391	-392.6136	149.72998	42728.85905337334
136	1016.4999	755.6176	2524.2034	585.7434	1303.3353	952.5705	2890.866	191.70805	319.6	427.0	271999	387.9123	92.23548	535.7408	-284.64252	-392.13663	157.73303	43091.657158613205
137	1091.4572	518.86847	2056.77	466.10034	1198.7219	707.5658	2792.8003	589.13965	356.66666	447.3	273999	388.63336	92.53093	535.8074	-255.90366	-393.0663	158.86937	43454.30520772934
138	984.40094	962.487	3066.1475	251.07909	240.97989	7.8424993	257.3436	231.4528	341.16666	137.9	275999	389.53937	93.73977	543.339	-292.3596	-393.95425	153.02975	43801.43958210945
139	1499.3597	1374.5588	2930.0833	50.594303	84.852516	76.944984	185.59663	22.055271	537.0	56.0	277999	391.4512	95.447136	540.3332	-209.13853	-396.01138	146.05122	44142.85711097717
140	385.55783	176.08069	782.1779	145.85474	245.16373	156.46869	633.40393	149.45793	170.16667	178.1	279999	395.5435	97.198235	546.6046	-313.83374	-400.3345	163.90178	44493.356583833694
141	793.5959	333.1168	1151.4745	193.34395	2033.4896	1026.2902	3014.3	560.9729	332.5	716.7	281999	399.66788	98.652145	550.8608	-257.7024	-404.44748	158.94275	44876.74137878418
142	1878.74	873.9194	2752.6594	1004.8207	1269.5994	426.86954	2101.6272	697.2928	697.5	442.8	283999	400.881	99.00283	561.74677	-193.26627	-405.3453	153.8124	45242.24588704109
143	1661.7378	1081.0422	2964.2063	205.85428	2589.3608	51.894592	2682.2727	2536.4663	578.25	1000.0	285999	401.56577	98.22914	563.87134	-213.8667	-406.17618	166.97253	45636.42877244949
144	1104.6088	376.96252	1593.4718	412.74692	687.4916	200.83232	1063.6616	346.9993	393.66666	284.0	287999	401.5385	97.41693	559.23004	-282.1404	-405.86832	168.16849	45992.285556554794
145	2625.9282	7.1551514	2633.0835	2618.7732	2451.5317	820.8926	2905.1482	318.62897	924.0	865.4	289999	398.97385	96.77455	548.08997	-238.53581	-403.2112	165.23375	46380.15440225601
146	1172.3519	362.4099	1602.5131	556.71234	213.15527	3.2696776	219.1462	207.79993	390.4	97.6	291999	397.05627	94.229324	563.1468	-277.54532	-401.1111	149.9989	46723.86070847511
147	2027.2295	826.1129	2852.969	898.6018	2493.143	617.09784	3162.634	1270.3936	623.3333	825.1	293999	394.87408	93.5557	551.27374	-255.83904	-398.9223	151.12788	47049.84158325195
148	1252.6002	269.66528	1644.859	900.10077	1787.1526	652.2583	2622.4148	569.13855	423.8	730.0	295999	394.15665	92.39387	546.92786	-214.23929	-398.24136	152.87589	47369.02072811127
149	905.4204	259.25943	1237.1249	499.0202	1470.411	711.39325	2713.9497	678.5357	315.5	534.0	297999	393.6573	91.876945	546.2653	-188.24854	-397.76974	163.63658	47673.9676156044
150	772.8683	232.33055	1249.082	558.29126	948.9347	555.2794	2044.2898	544.77264	278.75	373.9	299999	393.10016	91.966446	565.26074	-292.04285	-397.1903	154.71309	47973.738204956055
151	2805.4268	119.81848	2925.2454	2685.6084	2242.5933	748.92145	2849.149	722.3678	932.0	801.2	301999	392.86163	92.59522	550.3276	-342.8568	-396.86362	133.86156	48289.94417834282
152	1700.1954	704.7445	2801.1526	888.66473	917.19495	259.41965	1417.9637	745.4805	552.25	296.0	303999	393.53513	92.10944	533.8242	-297.17554	-397.62537	143.46753	48583.828723192215
153	1232.9349	395.95932	1861.2168	665.9319	1110.8489	244.16399	1459.4277	822.64624	399.4	319.6	305999	395.30685	92.08704	533.32623	-380.02148	-399.54398	159.92667	48875.26517820358
154	1732.5084	867.74274	2940.977	943.4255	2872.6587	578.5708	3353.04	1699.9445	547.3333	886.9	307999	395.31567	93.02355	520.8651	-292.67133	-399.40607	150.90894	49203.066416502
155	1739.111	383.04858	2364.2654	1377.339	1561.1664	982.3987	3476.208	698.62286	541.5	475.5	309999	396.2332	92.19847	541.5149	-298.88242	-400.39755	149.9585	49539.33254861832
156	1071.838	447.68207	2040.5901	477.97977	877.7352	40.01586	920.5539	820.6574	315.2857	247.8	311999	396.58264	92.122696	532.51483	-316.68292	-400.7104	158.22818	49854.90062570572
157	1042.8591	364.79337	1782.4983	731.55316	1877.265	710.74603	3228.5696	1119.2087	302.5	595.5	313999	396.5793	92.15202	536.49695	-268.95453	-400.7591	153.63757	50200.17434215546
158	1279.4685	458.30768	1693.5134	665.82886	1408.588	95.71482	1585.8197	1167.3363	383.6	401.4	315999	397.43112	90.8048	530.5233	-265.04675	-401.5132	162.04149	50534.86052584648
159	988.60565	395.8983	1908.19	608.2084	2613.3372	632.9207	3111.8757	1056.6355	301.85715	820.2	317999	398.0254	91.727264	532.7435	-274.5468	-402.0837	141.09578	50891.79644680023
160	809.60815	357.74637	1430.8959	256.60376	885.7423	26.46354	928.97546	851.45026	243.25	272.9	319999	398.2714	92.7236	533.6954	-270.8683	-402.48538	155.2113	51218.01102352142
161	922.87	150.82336	1122.5018	590.8965	742.2633	115.23128	893.85986	641.2514	271.25	223.4	321999	398.98544	92.804184	539.6692	-264.69965	-403.2815	156.82327	51543.10779547691
162	807.5618	275.01663	1167.1536	482.66055	533.045	243.63759	1139.5552	300.99316	246.625	185.7	323999	400.77237	92.71993	553.3207	-296.66455	-405.06464	161.98073	51869.457032203674
163	1749.9437	260.89478	1943.4723	1381.1333	1299.537	483.63623	2018.5052	698.8293	513.0	387.9	325999	401.89157	93.17223	565.2587	-377.29254	-406.04443	150.38286	52207.35245060921
164	1303.6122	693.97095	2506.5645	249.86195	1045.9802	89.38906	1177.2504	829.98	389.0	308.5	327999	402.6718	92.881485	561.16425	-373.6207	-406.87994	168.49501	52526.7490131855
165	1044.3484	202.94801	1316.1819	782.02954	988.0	57.332756	1149.9243	919.65454	329.5	355.2	329999	404.13016	94.1605	561.0963	-312.4523	-408.46393	173.4892	52832.146245241165
166	275.0026	356.01428	1186.1769	57.072792	227.80942	308.87195	1098.1144	51.577797	237.77777	272.3	331999	409.02075	96.9108	593.5916	-318.5068	-414.1344	162.92268	53133.50001311302
167	407.66888	316.0204	723.6893	91.64849	976.23047	0.5469129	976.896	975.19495	586.0	1000.0	333999	422.6916	100.64553	590.00244	-283.03073	-428.9464	178.01276	53466.1443836689
168	1376.1583	537.52716	2135.918	974.4338	1567.7908	493.27847	2849.7415	952.17645	948.3333	462.6	335999	436.68784	104.683014	556.888	-198.11299	-442.21118	179.2296	53798.75051474571
169	1372.5635	450.22095	1998.8503	960.0624	1368.0671	576.85913	2452.0142	303.15216	431.0	471.1	337999	443.4193	105.13913	560.7683	-240.86403	-448.854	181.9837	54137.909533023834
170	1007.4337	613.7367	2391.8406	455.13693	709.62573	50.509792	766.1786	622.84064	341.42856	224.0	339999	447.15775	105.48723	565.2039	-201.94872	-452.11404	186.42598	54462.88210058212
171	1751.7296	429.85458	2054.8872	1013.71075	1783.3676	506.37546	3084.5298	1278.9515	555.0	576.1	341999	445.88132	105.86497	569.79443	-254.70233	-450.36874	168.36876	54810.73386669159
172	843.49066	297.48288	1364.8606	494.94995	576.4172	127.65275	744.6365	408.89185	296.14285	230.2	343999	441.7375	104.2239	576.1663	-230.55571	-446.07214	172.165	55129.70062327385
173	713.69257	566.5555	2002.2941	278.84814	640.9585	207.87401	902.28687	334.68085	292.85715	249.2	345999	437.60455	102.524635	564.7415	-205.05908	-441.83676	168.28395	55450.33007836342
174	2013.4775	683.94434	2697.4219	1329.5332	2013.1741	621.79535	2585.1748	652.2215	768.0	806.2	347999	434.6383	100.57252	585.0226	-379.12427	-438.72507	182.44064	55807.87267065048
175	1398.7473	953.54395	2758.7834	79.82984	1298.1965	568.23834	2428.412	572.03076	500.0	496.4	349999	431.98923	99.41883	565.18445	-340.89432	-436.25293	157.0736	56140.29837203026
176	2911.6787	191.24756	3102.9263	2720.4312	1211.9692	966.1655	2711.2866	290.30664	1000.0	465.7	351999	430.90244	100.08576	554.5355	-308.83685	-435.20175	174.04619	56476.77990651131
177	831.2776	586.9928	1893.7921	278.54224	2155.0615	676.39215	2969.7764	916.9179	285.0	727.9	353999	430.17828	100.20241	557.14075	-401.91794	-434.45267	163.53633	56825.09723973274
178	1159.014	1106.8008	3276.9873	259.05597	2712.9302	513.6073	3198.7808	1556.334	385.2	879.8	355999	429.5319	99.192375	590.41797	-226.3282	-433.7015	157.95044	57184.234214782715
179	941.8042	764.1537	2448.4631	255.48364	1126.5077	396.24698	1807.7867	542.2951	333.33334	458.4	357999	427.7987	99.83396	597.9449	-222.71481	-431.84412	156.91893	57518.18071961403
180	737.6238	449.4281	1453.194	86.95452	1817.3877	633.63745	3164.58	1077.3408	290.6	601.7	359999	425.78757	98.99859	614.9461	-312.4802	-429.84824	164.07434	57861.803601026535
181	902.4309	798.8887	2898.2666	284.6848	1117.2839	543.0002	2546.453	599.1423	332.875	399.9	361999	423.63608	97.806274	572.2571	-251.72206	-427.59012	166.3806	58192.21086192131
182	1441.787	546.7691	2177.1543	857.61304	629.028	692.0701	2223.0728	263.62738	503.0	258.4	363999	421.39252	97.094055	618.16974	-296.20947	-425.28638	161.92688	58512.86469960213
183	1394.8619	775.2638	2339.079	523.8164	2353.3228	657.07587	2964.9133	1184.2484	489.75	793.9	365999	419.7921	96.64386	557.9035	-349.00046	-423.6616	152.83522	58874.34624171257
184	1710.4316	696.2625	2730.8718	766.0556	1909.1582	1011.6041	2986.55	711.4539	557.25	660.3	367999	418.4782	96.36405	572.6942	-243.44342	-422.45312	154.71704	59222.723032951355
185	2794.5059	291.5453	3086.0513	2502.9607	1090.4008	340.14545	1706.6559	623.50793	877.0	350.3	369999	416.65833	96.33842	547.79114	-216.80714	-420.4151	162.22794	59565.26106381416
186	1640.5005	997.1522	3044.9265	828.01807	2500.7996	590.41235	3259.0366	1628.8391	524.6667	781.6	371999	414.14423	97.21766	548.11664	-162.70868	-417.81778	151.46893	59931.28349733353
187	1345.5602	924.328	2596.131	241.94868	2107.9568	932.5889	3373.2715	898.23926	445.66666	654.3	373999	412.40527	96.666145	553.88837	-265.08902	-416.09894	141.75542	60279.300880908966
188	1584.6743	1010.5735	3264.5046	760.0225	735.313	394.42392	1383.2395	299.7662	509.25	271.6	375999	411.94672	95.97373	615.6813	-152.8412	-415.8416	158.43788	60584.93869972229
189	1950.8722	1282.3145	3233.1868	668.5577	2251.1938	834.0048	3287.9678	540.0184	630.5	687.8	377999	412.3132	95.260544	593.7138	-319.1889	-416.31073	157.18506	60897.788783073425
190	1728.323	849.3036	3247.4727	815.0506	2007.5762	886.7792	3279.5364	839.46796	520.2	603.1	379999	413.04227	95.07896	587.31116	-239.0041	-416.85587	161.32768	61210.04093885422
191	1608.5791	1023.38654	3375.3179	942.54236	2707.5154	700.93774	3366.7683	1429.1415	485.0	833.2	381999	410.53088	96.24527	553.0081	-267.99255	-414.24808	161.53455	61533.15203285217
192	3272.3955	34.189087	3306.5845	3238.2063	2023.7305	929.5975	3378.1477	1121.0322	1000.0	605.4	383999	409.37723	95.012634	549.79846	-275.87238	-413.08795	136.70512	61846.07396054268
193	2199.1182	841.05115	3303.7358	1264.8206	2133.6785	961.3181	3183.3274	972.7346	662.0	664.6	385999	409.20132	94.235115	541.83527	-195.09238	-413.06485	151.42975	62160.493582725525
194	1744.7426	1016.062	3179.5898	960.36444	3015.7815	40.75776	3063.4192	2923.9438	528.0	1000.0	387999	409.8003	93.46937	535.1997	-325.39926	-413.57275	150.67938	62491.65373921394
195	3279.0874	50.860474	3329.948	3228.227	2154.876	805.2609	3254.9502	951.09576	1000.0	667.1	389999	409.70972	92.96965	548.35815	-265.36026	-413.43546	132.02519	62811.316997766495
196	2084.2695	994.84155	3320.521	1056.0343	854.35986	59.922718	925.8254	737.12524	612.5	239.3	391999	409.79236	93.41951	589.2575	-204.94377	-413.47412	139.2754	63105.46429634094
197	1392.7151	670.1262	2257.8464	609.04755	2250.3481	755.9291	3470.9624	1448.9941	407.2	654.1	393999	409.39594	93.325294	624.7477	-257.2507	-413.0229	137.30077	63419.22585916519
198	870.2979	292.88596	1388.1064	239.38702	932.1105	819.67163	3242.8843	354.95792	265.625	316.2	395999	408.57404	93.50929	594.2592	-243.29033	-412.24426	135.98402	63718.429480075836
199	1619.2352	681.8958	2706.574	878.3518	1855.5592	754.8181	2963.5376	812.38104	499.0	623.2	397999	407.8535	93.38939	597.34845	-172.01534	-411.4901	132.52576	64032.89277219772
200	2089.2402	950.83514	3040.0754	1138.4052	3139.4114	52.83947	3234.7625	3039.9236	664.0	1000.0	399999	408.1436	92.97397	657.31885	-173.53166	-411.89786	141.91231	64362.541818380356
201	1831.8896	1018.8605	3187.8926	731.9201	946.65497	79.391266	1063.435	822.933	590.6667	280.2	401999	409.24503	93.81701	679.1803	-211.13403	-412.96136	150.37453	64656.7991297245
202	1887.1703	768.1315	3173.939	1010.6286	2560.8174	729.334	3338.6704	1423.1649	577.6	759.5	403999	410.3935	94.56337	712.95026	-528.02716	-414.14706	150.13022	64975.91266512871
203	1778.6294	656.9089	2435.5383	1121.7206	2408.6013	671.33124	2830.6938	575.7925	597.0	866.9	405999	411.45383	98.13307	693.11993	-268.46353	-415.47568	170.82193	65298.50846171379
204	898.11206	878.0299	3064.5032	108.14234	259.87903	168.8305	591.3075	99.78583	313.8889	154.0	407999	419.4973	106.33025	854.1152	-409.32593	-424.77228	174.15565	65592.23693585396
205	352.20645	355.0158	1214.3348	53.579285	432.0078	150.85956	685.5411	291.28204	154.5	181.9	409999	458.7781	132.4755	973.5839	-272.4634	-470.29562	295.50974	65882.53812718391
206	661.3676	83.86201	842.0199	564.36084	791.901	245.95792	1492.93	591.0385	254.375	281.5	411999	534.00397	150.67357	948.1024	-314.9219	-545.5149	373.75232	66178.57911872864
207	911.3132	155.45961	1037.1716	692.27094	1052.8616	27.133366	1089.6389	1016.90424	543.6667	1000.0	413999	566.46735	155.83952	909.23975	-344.33188	-574.8146	374.22482	66513.76111674309
208	1022.9481	8.107056	1031.0552	1014.84106	1113.9601	11.792373	1133.075	1097.6902	1000.0	1000.0	415999	583.5576	157.7569	883.93915	-236.21646	-592.0774	381.08823	66846.60406136513
209	921.6589	234.21786	1121.8679	593.028	458.4712	200.41408	778.3638	182.69498	819.6667	323.0	417999	602.9918	161.51472	865.8137	-437.65665	-611.72473	379.63565	67146.10373878479
210	916.4378	445.3404	1654.11	282.55524	1406.174	788.44543	2674.875	365.13242	408.8	524.4	419999	613.12976	163.18564	892.7009	-264.70807	-620.03204	375.31512	67450.21844315529
211	608.24774	313.70392	1136.1732	260.92078	1223.813	106.76066	1394.6581	1049.6918	240.16667	383.3	421999	609.8069	159.4791	850.21313	-284.35394	-616.10486	379.5287	67748.90049338341
212	1143.8678	554.51056	1914.036	608.0427	778.1389	130.18887	906.8314	616.057	362.0	266.2	423999	606.6217	153.43672	806.76306	-265.14447	-613.3346	355.8923	68046.0509417057
213	1034.2974	160.72318	1212.9425	734.05817	1668.221	592.51904	2698.7534	707.4598	387.2	628.2	425999	604.16266	149.31192	792.5564	-289.8176	-610.64197	331.48047	68358.75038337708
214	1342.8944	500.34	2037.4713	688.34375	996.6867	178.05643	1297.3892	588.50256	478.75	380.0	427999	598.5359	149.38881	779.20917	-267.56418	-604.405	296.94363	68656.29996752739
215	859.20166	586.31696	1836.1176	82.50271	980.9935	289.9095	1559.4623	555.517	316.8	375.6	429999	592.3219	149.36502	772.41174	-354.2539	-598.3335	316.99976	68955.4005742073
216	1013.23206	743.91534	2134.4873	74.82611	2587.188	40.964134	2633.5413	2508.9316	428.75	1000.0	431999	588.25214	150.69438	769.3358	-354.90573	-594.2477	286.1776	69284.79721236229
217	2598.583	5.597168	2604.1802	2592.9858	2670.354	143.92186	2931.875	2498.127	1000.0	1000.0	433999	586.6052	149.14114	773.8817	-310.16998	-592.9288	291.75305	69613.68640565872
218	2109.0535	751.6389	2858.7458	1081.5874	2689.0073	70.76404	2791.4182	2557.4604	768.3333	1000.0	435999	586.2409	147.96938	766.90674	-602.9371	-592.3043	287.09683	69945.2589700222
219	2885.578	51.805176	2937.383	2833.7727	2847.5515	684.8042	3374.6543	1633.7325	986.0	857.7	437999	580.3747	145.57513	763.9956	-475.13156	-585.92914	322.8858	70262.9640212059
220	2145.2717	1297.2069	3068.1135	310.75552	2844.4402	461.19772	3067.1812	1506.9952	715.6667	933.3	439999	572.3799	143.96536	731.7351	-195.40169	-577.5736	244.61662	70590.41700959206
221	1209.3774	1244.4619	3095.0457	13.374605	611.57666	43.909126	672.17487	546.1533	400.83334	204.4	441999	564.21906	142.889	726.28815	-216.7704	-569.37994	261.22208	70879.27990293503
222	588.1709	382.59183	1289.134	57.807903	582.3837	173.73875	779.4283	341.60327	202.55556	215.5	443999	555.63214	142.0455	714.495	-345.71106	-560.6305	280.29932	71165.90175938606
223	1769.9766	703.46735	2803.2966	888.7803	1827.9117	883.0321	3480.9436	870.92456	515.5	532.0	445999	547.40125	139.70003	702.53864	-306.9273	-552.204	234.36496	71471.50767850876
224	1105.6395	951.08167	3073.7095	13.819527	1661.1158	649.82996	3209.2754	1129.2833	349.5	525.5	447999	540.93994	137.45451	690.1531	-439.7781	-545.8953	261.29675	71780.13813948631
225	3284.4019	1.4367676	3285.8386	3282.965	398.38922	142.29134	688.01404	326.30783	1000.0	160.4	449999	533.8498	135.8487	695.56415	-255.2312	-538.574	223.71494	72069.87802219391
226	3416.6057	82.966064	3499.5718	3333.6396	2678.5845	1173.0498	3340.911	325.70963	1000.0	833.1	451999	527.4153	133.41234	698.2172	-300.6334	-532.1134	222.28505	72389.0093767643
227	2643.2537	519.1367	3162.3904	2124.117	2862.1626	827.42474	3215.6104	385.68143	831.5	916.3	453999	521.5264	131.82593	694.57947	-192.45488	-526.138	214.97266	72712.78123545647
228	3015.3604	99.32507	3114.6853	2916.0352	2739.22	77.78264	2818.434	2585.1802	1000.0	1000.0	455999	516.0002	128.75313	699.5756	-419.37473	-520.4659	219.51375	73043.60065364838
229	2610.8267	283.04602	2893.8728	2327.7808	3127.7024	34.666527	3201.8242	3084.9604	858.5	1000.0	457999	511.0446	125.75317	679.1153	-484.1115	-515.5654	207.27338	73373.72026348114
230	3100.0557	10.332397	3110.388	3089.7231	2909.8625	546.32355	3279.6924	1513.8528	1000.0	912.5	459999	507.4352	124.87436	676.5818	-263.6998	-512.1191	208.08417	73697.8003809452
231	2168.5325	1507.0906	3291.1067	38.216053	2805.894	683.32996	3279.0186	1413.9567	675.6667	866.4	461999	505.4624	125.16638	674.27203	-267.93127	-510.31293	215.98451	74019.87493872643
232	3163.0693	107.97131	3271.0408	3055.0981	1363.914	1353.1028	3056.7751	252.66974	1000.0	480.1	463999	504.8527	124.33798	656.7028	-313.41107	-509.72256	201.92781	74324.96190142632
233	3130.8174	26.611938	3157.4294	3104.2056	874.76447	922.7245	2940.0015	212.62389	1000.0	301.5	465999	502.44537	121.185936	648.90094	-351.24115	-506.96674	202.8656	74618.74827885628
234	2664.0977	634.00684	3166.5117	1769.7483	2917.6958	22.90504	2945.5283	2872.8003	838.6667	1000.0	467999	498.96457	119.51409	655.5075	-246.51514	-503.57996	196.00247	74946.04722476006
235	3117.0054	6.954468	3123.9597	3110.0508	866.5409	995.9784	3103.283	251.45586	1000.0	301.8	469999	496.1644	117.79575	639.126	-189.5631	-500.60358	190.24794	75241.96998238564
236	1854.6953	1097.9218	3212.3464	523.38544	825.5378	547.13055	1720.4441	369.3484	598.0	270.4	471999	491.93195	115.64943	653.8138	-300.60117	-496.194	185.8885	75534.42883682251
237	3100.976	16.712646	3117.6887	3084.2634	1289.4471	1518.6804	3161.8137	47.5529	966.0	421.6	473999	487.59836	113.27109	645.4377	-393.55713	-491.67456	196.2873	75835.90863013268
238	3158.2239	32.348633	3190.5725	3125.8752	3203.0315	27.386766	3263.2217	3166.3267	1000.0	1000.0	475999	482.13232	113.16663	635.93915	-203.74101	-486.00357	168.10675	76166.93409824371
239	2132.2678	1472.2517	3180.3613	50.205585	3115.5728	490.08673	3345.7969	1647.0753	678.6667	948.5	477999	477.64536	111.60782	632.7788	-246.9043	-481.5894	167.83875	76495.82798314095
240	3178.1711	10.469727	3188.6409	3167.7014	2695.8325	913.2604	3234.1155	764.5987	1000.0	850.9	479999	473.30692	110.722946	613.3235	-267.60767	-477.17886	179.38477	76819.5121114254
241	2380.0945	1099.4155	3180.4602	825.5145	1894.775	754.45215	3030.6245	945.62366	758.0	607.0	481999	468.84933	110.08861	614.10815	-291.5679	-472.66245	162.72165	77130.37798666954
242	2265.0747	850.42755	3115.5022	1414.6471	3188.2039	414.25674	3362.4185	1948.5438	709.5	957.5	483999	465.77496	108.14018	631.0138	-249.02007	-469.6498	159.41508	77458.93426346779
243	2553.9336	675.3571	3223.493	1629.2992	2979.0403	527.3146	3196.1165	1399.0355	826.3333	943.6	485999	462.79025	107.86468	626.99744	-218.15196	-466.535	166.93407	77785.46908402443
244	2882.9312	19.412231	2902.3433	2863.5188	2312.5806	982.0818	3143.7402	742.6723	1000.0	739.8	487999	460.16895	106.43532	605.5804	-222.00436	-464.00287	167.70738	78107.96488213539
245	2094.156	1327.5487	3044.0452	216.76282	801.5864	324.25406	1376.885	564.76196	698.6667	282.7	489999	457.79245	106.37118	596.0874	-232.02995	-461.6216	160.20709	78404.5997145176
246	919.77734	1071.6173	3242.977	213.89928	942.40625	393.34317	1697.7346	352.62686	306.66666	318.4	491999	455.45004	105.85144	586.1049	-267.96194	-459.1445	151.58759	78707.11116242409
247	1954.6698	939.7874	3162.2012	870.0699	2319.976	848.55237	3197.5054	1077.8665	620.0	738.0	493999	451.3961	104.3755	579.0762	-231.75603	-454.8768	154.07361	79028.15163230896
248	2029.4938	728.7608	3059.7227	1489.6812	2271.9282	1031.9226	3250.109	339.54434	644.6667	687.0	495999	448.20804	102.47702	577.9594	-246.54796	-451.74445	144.36803	79344.33567667007
249	3283.5542	37.176514	3320.7307	3246.3777	832.4578	1210.0532	3253.458	184.41214	1000.0	281.6	497999	445.3614	101.38541	593.09607	-290.875	-449.0006	156.11235	79643.66199803352
250	1118.8768	633.86804	2147.2363	179.25185	3107.4614	34.1874	3167.8967	3034.879	358.16666	1000.0	499999	443.8789	99.79014	591.5073	-259.5813	-447.497	167.27835	79978.52367472649
251	3129.2295	7.439575	3136.669	3121.7898	2708.449	1171.9681	3320.155	327.16812	1000.0	837.6	501999	442.19684	98.88189	594.9369	-323.36768	-445.6815	148.92822	80306.41342520714
252	2249.0159	666.20404	3156.2585	1575.3384	3252.3904	24.803951	3298.3157	3205.9724	678.0	1000.0	503999	439.45697	97.13253	594.51404	-287.96942	-442.83182	140.92584	80645.10098934174
253	3227.2456	49.390137	3276.6357	3177.8555	2329.9531	857.63995	3214.936	1080.4985	1000.0	725.3	505999	436.39044	96.7424	598.06445	-281.42746	-439.72397	133.87128	80970.75206875801
254	2088.3354	671.0001	2810.9963	1194.3864	823.3002	387.6642	1521.0029	511.66412	615.6667	283.8	507999	433.57544	96.465546	621.5543	-241.89671	-436.8815	134.42108	81271.77455091476
255	947.0188	791.19275	2596.3293	252.22588	357.2297	219.9272	1015.1386	263.38077	320.5	137.0	509999	431.63412	96.08136	630.5281	-350.6345	-435.1805	139.19777	81569.40037941933
256	1027.8413	797.6653	2547.7083	251.16931	2012.7068	974.8657	3249.0747	762.6737	336.66666	605.7	511999	431.46283	96.61323	619.97284	-302.9056	-435.05313	139.81693	81886.65090799332
257	2183.4363	432.79025	2623.2878	1594.9198	2304.5735	1163.7258	3501.4282	543.32574	646.0	662.2	513999	433.14612	95.79711	634.9341	-660.73047	-436.7345	130.01596	82204.35768342018
258	2012.3937	1146.583	3370.09	742.637	1868.3281	1220.4113	3280.9314	257.42	603.25	583.4	515999	434.70508	97.28533	665.576	-237.04689	-438.46164	134.14116	82520.50551867485
259	1279.5549	635.78125	2472.3787	653.31116	83.08696	2.3247745	86.034615	78.6206	383.2	48.8	517999	437.08005	99.75063	666.4874	-255.1508	-440.93396	148.50304	82808.59444928169
260	441.40814	320.5054	1049.617	161.43353	783.061	51.09491	895.9686	733.94745	149.5	233.9	519999	440.5188	104.0875	731.9742	-178.79875	-444.60318	152.23148	83107.71806073189
261	950.2226	518.0864	2029.2858	189.98561	1978.6384	992.9781	3401.5798	571.6624	284.57144	583.2	521999	444.46112	108.69829	717.5097	-172.19487	-448.3735	151.04393	83418.84987688065
262	2838.1904	215.3905	3053.5808	2622.7998	1937.5408	1214.4453	2971.0405	355.44656	1000.0	663.0	523999	448.1693	110.96879	691.61053	-282.17325	-452.187	137.30171	83736.92953824997
263	3192.6929	88.75391	3281.4468	3103.939	2614.1343	851.91425	3215.7969	1136.169	1000.0	832.0	525999	452.75916	112.905685	694.599	-271.26517	-456.82367	164.95364	84067.34264278412
264	1978.9336	384.77515	2363.7087	1594.1584	857.2511	1139.0352	3139.8936	275.3838	589.0	317.4	527999	455.00125	112.96058	679.159	-235.32347	-458.9106	155.77281	84367.82562994957
265	2040.186	1061.0449	3234.8052	979.53735	2637.6714	785.6666	3170.8567	1077.4136	631.5	841.3	529999	456.85492	110.79623	664.5691	-302.28314	-460.7996	172.93837	84696.97072529793
266	1572.3711	689.3782	2920.3215	1011.2367	2379.9614	745.2604	3243.0876	1209.3428	484.0	733.3	531999	458.12817	109.33682	637.7837	-278.82065	-461.92288	155.90475	85020.75175237656
267	2013.4875	690.43506	2703.9226	1323.0525	2956.587	462.55078	3138.07	1570.144	592.5	948.6	533999	456.8821	108.38606	622.43567	-363.3106	-460.48795	154.98572	85353.38685393333
268	1610.9695	887.63556	3273.1204	971.55817	1409.9532	838.285	3274.6611	660.5481	486.2	443.9	535999	454.796	106.49068	611.9538	-344.299	-458.5	159.20242	85662.30499124527
269	2395.2964	802.24524	3197.5415	1593.0511	2507.4946	896.42633	3288.16	1237.7277	729.5	769.4	537999	453.20377	104.17698	615.47754	-272.28928	-456.64255	140.98341	85985.36528301239
270	3266.3254	40.638916	3306.9644	3225.6865	2744.8257	580.0127	3064.5095	1066.8599	1000.0	899.3	539999	450.30765	103.35178	593.51074	-276.0977	-453.61676	147.11996	86315.46376419067
271	2239.6692	999.464	3226.0115	922.0788	1231.7692	129.21078	1404.4457	1056.7456	660.0	345.3	541999	446.6408	102.83016	578.14667	-237.83472	-449.91455	139.54631	86620.49519443512
272	1256.5587	225.175	1626.5165	955.43506	1658.0769	688.3378	3522.2126	1091.927	354.33334	459.3	543999	443.3166	103.45859	581.59406	-239.07118	-446.60745	144.74178	86929.75667881966
273	1063.912	177.17175	1300.8148	720.1215	1121.7688	305.56763	1457.9514	481.7319	308.42856	326.0	545999	441.4284	103.50569	592.2803	-356.75992	-444.7878	144.22604	87230.54833865166
274	1147.8707	303.547	1760.9536	899.6461	784.9466	195.0795	1068.6722	469.2192	327.66666	251.6	547999	439.91623	103.741974	591.2075	-218.88893	-443.2105	139.42137	87527.24096465111
275	1339.5557	870.3008	3026.5266	711.04724	595.58215	149.73863	919.5322	459.6258	388.2	184.2	549999	438.01788	102.74911	580.92584	-220.01236	-441.28867	146.71127	87825.56001925468
276	904.74176	432.71024	1904.907	565.7456	1972.9758	848.30286	3598.259	1189.5641	268.42856	561.6	551999	436.98026	102.971634	577.9231	-237.52266	-440.32474	140.85535	88140.35154867172
277	1257.123	1161.9952	2875.8396	37.62407	3048.8994	622.70636	3441.1963	1378.7483	369.8	898.1	553999	434.56293	102.023735	572.72766	-289.4398	-437.71115	148.35648	88469.9087612629
278	2094.128	797.6441	3389.5576	1357.0264	1316.3529	170.93015	1581.5981	909.24316	596.0	372.0	555999	431.10553	100.88765	570.6627	-176.345	-434.03778	125.03508	88775.17888021469
279	626.8444	399.42258	1300.3634	112.04528	1050.191	461.82324	2191.253	646.8148	193.6	309.5	557999	427.61432	100.20592	564.36163	-365.83032	-430.6502	133.89384	89099.74612212181
280	1243.0446	405.30756	2006.4778	882.356	3370.2878	529.3589	3581.2812	1787.3433	362.6	946.8	559999	424.89432	100.337135	560.55286	-353.86847	-427.99225	125.61641	89460.22909808159
281	1801.4528	1292.7169	3429.7727	267.49655	1210.1207	121.96627	1360.9303	1018.52106	547.0	354.3	561999	424.7316	98.90617	555.73413	-244.17316	-427.93643	123.49692	89789.00240325928
282	1209.5819	636.0255	2548.2637	232.36635	1235.0541	37.553204	1293.3431	1172.4637	353.14285	366.7	563999	423.56607	98.32417	545.302	-278.32385	-426.6527	122.47828	90114.52605509758
283	1746.0453	342.57147	2096.3887	1194.2598	911.58887	53.250298	1016.41693	821.6799	504.0	270.8	565999	422.59296	97.70188	551.1377	-264.88147	-425.74808	130.9217	90442.3315975666
284	897.02814	53.454727	945.89795	790.8054	1052.7601	278.92282	1792.2941	644.6214	265.14285	311.5	567999	421.69696	97.90164	554.58673	-248.98132	-424.75458	122.7229	90766.09056520462
285	1214.7667	175.95863	1567.7794	1028.9866	1166.6576	294.27866	1561.2936	619.7353	356.16666	342.2	569999	420.414	97.34758	595.5156	-364.2063	-423.31482	128.34854	91091.82438325882
286	1161.038	644.8337	2309.6182	332.89966	1713.9379	686.2078	2574.8804	516.0763	346.0	489.2	571999	418.17337	97.5048	554.67053	-231.00496	-421.13882	114.088234	91426.23666095734
287	1118.7054	509.11945	1926.0303	354.93915	1185.8678	779.8344	2934.5063	268.87515	327.0	367.2	573999	417.38696	97.36248	561.1217	-424.027	-420.4348	126.05814	91755.50539302826
288	1433.2346	248.18016	1794.7435	1022.377	2108.9014	745.72906	3362.6714	1187.5505	422.8	612.2	575999	416.8732	97.91367	552.8629	-246.47131	-419.86212	123.44457	92097.54227375984
289	1260.2118	331.6056	1811.8812	951.0514	990.942	224.2196	1471.9951	803.79376	364.0	294.9	577999	415.91104	97.28013	559.9285	-350.2337	-418.86066	119.62359	92421.73288702965
290	1357.9529	423.3397	2062.3464	876.0733	1816.1487	770.44543	3405.4956	1079.8142	388.2	511.9	579999	414.2203	97.711876	549.47797	-309.99915	-417.14413	111.78726	92749.86078286171
291	1203.6177	323.2979	1716.2322	921.87787	2325.4722	944.05914	3519.321	1060.4386	348.5	663.5	581999	414.12292	97.33166	552.06256	-265.6809	-417.03787	108.38178	93072.00636553764
292	1462.0034	871.8958	3368.8723	808.8556	1888.8757	1067.1848	3408.9097	66.71968	432.66666	558.3	583999	413.18665	97.95353	554.7927	-195.16138	-416.11032	125.56772	93387.41402244568
293	1212.5017	321.38043	1806.9192	847.4416	1002.66473	113.68543	1310.5651	887.24615	349.2	288.0	585999	412.47977	97.18905	560.19366	-220.1351	-415.36865	117.52955	93690.51963424683
294	1025.3362	484.09683	1823.7606	215.48236	1020.38293	260.5686	1717.2522	806.34283	321.14285	291.2	587999	411.94583	97.81877	557.4723	-254.13406	-414.98236	128.94174	93995.91278457642
295	1074.8915	574.97876	1940.9832	81.06812	927.65314	145.26547	1297.5444	781.4119	321.0	271.2	589999	412.55096	98.9642	548.66534	-237.94437	-415.6356	124.069954	94299.09581875801
296	1206.543	239.45992	1655.9857	983.20306	2870.0093	618.9059	3554.525	1488.2799	348.6	815.5	591999	413.64603	99.777245	565.3614	-152.49577	-416.62183	110.98651	94627.96883535385
297	1936.694	898.034	3414.071	1108.4159	1160.5457	395.17236	2339.253	972.94916	567.5	340.9	593999	413.6345	100.857346	554.7542	-203.45164	-416.6803	119.30956	94934.16663694382
298	1372.8458	701.6504	2775.8625	1005.161	1638.155	742.94025	3469.5718	1080.1702	404.2	463.6	595999	414.30145	101.18044	563.3597	-346.6739	-417.3951	114.61843	95248.11370515823
299	1194.153	665.174	2379.8713	88.12275	1968.0608	1068.992	3404.2803	492.5449	350.66666	586.3	597999	415.4727	101.65357	564.35724	-388.64948	-418.46106	111.15107	95567.22721552849
300	1568.7949	769.7719	2585.9812	619.73535	1495.4723	431.83984	2372.8982	931.7049	470.0	447.1	599999	416.35477	101.699356	571.3862	-201.38013	-419.49292	114.34383	95877.55484485626
301	1035.2025	269.01926	1490.5028	662.88934	885.52216	250.96715	1350.5143	632.93677	315.14285	276.5	601999	418.45508	101.91545	574.93835	-302.3243	-421.6535	114.210686	96182.28430747986
302	819.61566	778.84015	2444.54	17.601067	2398.711	697.321	3450.2124	1269.3741	245.5	683.0	603999	419.54544	102.98705	582.414	-296.76382	-422.7418	127.17968	96508.79250717163
303	1021.2065	159.18573	1334.3911	792.50146	1216.628	688.5407	3189.986	671.4438	294.7143	349.3	605999	421.10507	103.57019	570.79767	-198.75986	-424.26724	116.63479	96812.39284610748
304	1313.4028	144.18814	1461.8644	1088.0692	1040.5934	175.0527	1373.188	902.0713	391.75	324.7	607999	422.1226	103.39283	583.946	-197.19923	-425.34985	119.41369	97116.75629353523
305	1666.8658	364.23123	2156.8538	1278.632	1237.1097	160.57315	1393.7183	930.34076	482.6	359.8	609999	422.29147	103.50555	575.8963	-274.1953	-425.34058	117.92202	97423.92677330971
306	2700.7551	840.29	3541.0452	1860.4652	1978.0072	449.82956	2682.7568	1470.8212	760.0	538.3	611999	421.5594	103.14268	565.40356	-192.0288	-424.57352	100.308	97735.19502902031
307	1720.6016	713.4473	3022.9539	1014.20496	2644.8574	902.6935	3545.5562	1045.8275	484.4	761.6	613999	420.92447	101.912254	551.7683	-171.86311	-423.85388	110.7675	98059.56587982178
308	2001.7043	551.6049	2553.3093	1450.0995	3483.8164	311.1831	3667.288	2558.9702	555.5	972.0	615999	419.12277	101.49849	559.7451	-200.09029	-422.00787	120.31764	98393.29299759865
309	2880.721	733.31964	3526.3303	1855.0452	3395.332	44.434578	3461.9988	3285.4265	824.0	992.7	617999	418.48596	100.25328	550.26306	-388.55014	-421.4045	122.87664	98732.63589262962
310	2862.705	473.8794	3409.026	2253.401	3595.4512	28.531267	3623.4282	3521.2615	833.0	1000.0	619999	417.07947	99.44161	540.56146	-300.69562	-419.89618	103.76144	99069.55890727043
311	2236.201	537.49493	2820.9207	1523.2125	1370.5477	696.4175	3263.9192	895.5149	639.6667	403.1	621999	415.53888	98.77758	537.547	-207.2872	-418.32037	110.28272	99379.1637198925
312	1800.5098	602.4757	2409.5825	979.99054	3051.3032	687.8161	3422.521	1261.4692	529.3333	900.8	623999	413.41608	98.55339	534.16516	-154.23772	-416.189	119.03611	99710.14419484138
313	1503.3043	654.8812	2669.986	995.6082	1497.5354	183.37791	1963.4215	1285.3066	435.4	422.6	625999	412.34457	98.27787	550.4869	-227.93243	-415.19968	107.27266	100021.92419099808
314	1579.0399	391.43896	2124.4512	1083.2274	2531.6802	720.06934	3254.768	1365.1787	457.6	764.1	627999	411.95508	97.66527	554.1227	-261.043	-414.84167	115.106094	100345.62363600731
315	1351.4141	500.3841	2191.1443	873.2711	1241.628	524.2743	2744.9739	917.521	398.6	359.4	629999	411.81976	97.5193	547.6737	-267.06476	-414.61707	93.7897	100651.95992517471
316	1001.09125	303.7279	1708.4869	750.6897	880.9103	35.202488	918.3818	813.4416	288.14285	245.9	631999	411.19717	96.73718	534.4885	-333.51514	-413.93747	103.55634	100953.42082190514
317	946.72125	154.5037	1177.3235	734.2859	951.7711	167.97366	1211.6543	718.3724	278.7143	281.6	633999	409.9659	96.525475	541.0142	-388.17618	-412.65338	114.565575	101254.2671494484
318	1096.6202	459.43094	2091.0562	738.82336	2413.5989	972.76556	3471.9827	1234.4445	322.0	710.6	635999	408.92957	97.364586	547.05273	-223.12788	-411.7355	113.80114	101576.62955713272
319	1134.8124	325.29837	1682.2372	758.87573	1365.7562	859.4984	3051.4312	527.8818	331.16666	392.0	637999	408.73404	97.77595	537.26917	-199.33395	-411.4371	107.36675	101880.50743556023
320	889.0558	239.94089	1439.8293	548.8799	1347.1979	587.76215	2434.493	762.2586	262.5	407.6	639999	407.6028	98.48994	532.5398	-318.18304	-410.29227	110.34451	102189.08859705925
321	870.1751	111.25638	996.4054	715.3545	3184.9175	612.1812	3543.03	1690.2362	253.2	913.4	641999	407.189	98.85732	530.30426	-180.33827	-409.998	109.190674	102522.09716701508
322	1300.6097	969.5565	3496.2976	405.49454	1772.6741	1179.2103	3582.36	869.8478	381.14285	511.4	643999	406.62357	98.398346	526.0825	-259.68045	-409.3324	109.47124	102835.17216396332
323	724.35425	150.03145	881.46985	391.76602	1520.5073	806.4731	3584.1128	807.8827	216.55556	435.1	645999	405.23227	97.02171	534.55316	-213.21375	-407.9261	104.497284	103138.9650592804
324	304.9919	487.3292	1932.9792	37.2662	977.07355	155.3432	1275.839	772.0921	97.36364	277.3	647999	405.28125	96.03385	541.4578	-160.3048	-408.0848	109.92924	103438.32960319519
325	692.37195	674.4723	1848.4891	37.805775	1430.5747	251.08025	1953.7842	1147.8855	205.85715	438.7	649999	405.4034	95.449905	528.82935	-246.76791	-408.09668	102.18423	103749.31035614014
326	1427.5175	697.7349	2805.3499	873.08417	2140.8687	625.0969	3131.2817	1211.9967	413.16666	580.5	651999	403.5594	94.99148	520.0557	-242.21988	-406.19263	103.18081	104062.85865473747
327	2293.4392	859.55133	3506.6975	1621.6488	3606.9448	18.03086	3628.806	3575.5127	650.6667	1000.0	653999	401.806	94.69469	524.21094	-272.01324	-404.31693	104.10431	104402.57085585594
328	2189.7712	635.51685	2858.8137	1335.5297	872.9884	237.38039	1469.1595	695.453	608.3333	252.9	655999	399.60388	94.14891	522.3978	-389.85852	-402.13956	103.201	104702.41898822784
329	998.4304	140.655	1274.558	773.6622	1274.6342	616.6573	2852.8584	762.60846	289.875	377.0	657999	397.91116	93.630264	523.1821	-184.7103	-400.55576	104.88767	105007.66297698021
330	967.9586	319.2918	1739.5833	753.0374	929.9425	283.12885	1439.7098	599.6989	289.42856	282.9	659999	397.28488	94.838066	525.23413	-309.70462	-399.99063	103.47461	105308.55417346954
331	1051.2312	232.4439	1318.0616	755.0345	1565.226	432.08878	2394.3699	1076.1029	315.66666	456.9	661999	398.6859	94.34346	531.1224	-183.23674	-401.51797	103.49797	105618.781208992
332	1090.4857	202.22963	1277.4426	761.4521	1413.9067	428.3208	2448.3975	1009.8481	320.6	412.6	663999	399.9619	94.13572	523.942	-254.13277	-402.71918	102.42257	105927.06439137459
333	1184.6537	339.75134	1764.0237	740.9101	1527.4036	407.9848	2724.1826	1280.3109	356.0	427.1	665999	398.22552	94.74612	526.5194	-276.83633	-400.68185	94.676956	106234.45240235329
334	1386.3735	957.652	3483.5178	828.80707	841.7145	130.28818	1015.1233	608.0961	392.5	240.9	667999	395.3249	95.20049	540.7256	-158.92796	-397.73093	104.05559	106535.02443957329
335	696.02325	428.6155	1486.4288	5.4710484	1106.32	545.3983	2706.9856	759.1583	209.27272	324.1	669999	393.9669	94.29739	544.44476	-308.99106	-396.4395	94.28906	106839.59690904617
336	884.4191	146.97536	1056.8589	652.43134	1938.4723	1092.1844	3621.5854	945.39233	261.57144	557.9	671999	392.10532	94.82441	541.73206	-190.52725	-394.64032	100.40383	107155.47401046753
337	1537.142	820.8639	2836.053	618.2014	494.59863	309.84875	830.46893	30.95164	447.2	156.6	673999	392.57843	93.53192	519.2866	-265.21002	-395.19214	101.14994	107447.42861819267
338	860.31036	451.02054	1614.624	244.08214	1026.6084	366.2256	2090.8296	764.79694	274.7143	318.7	675999	392.692	92.90891	513.0645	-538.70013	-395.41626	102.20661	107751.4045548439
339	557.19006	462.67557	1618.8158	24.595074	996.9369	472.4774	1907.4745	535.2434	203.8	316.0	677999	393.7777	93.461365	515.1041	-283.9442	-396.592	90.71531	108056.71817445755
340	305.25848	385.1118	1027.666	50.500694	968.4349	1.2264609	970.2294	965.94073	174.75	1000.0	679999	396.63675	93.561745	514.8321	-272.16406	-399.8262	101.43239	108396.7429049015
341	1056.1306	202.85512	1335.6719	860.52264	2762.9065	434.64932	3449.5156	2133.4307	757.6667	796.3	681999	400.37167	93.65825	527.8036	-170.64473	-403.62924	103.0024	108723.45674061775
342	1961.6147	946.0281	3403.9353	929.19916	2155.8528	1115.7976	3581.2195	887.9397	579.5	623.3	683999	401.73395	94.17306	556.1832	-150.10313	-404.8116	95.130066	109043.11923885345
343	2282.5117	1126.4056	3408.9175	1156.1061	955.94666	1.0216737	957.59985	954.3329	685.0	1000.0	685999	403.1014	94.48838	533.4997	-319.13763	-406.24548	106.08484	109385.65814328194
344	881.4262	125.56754	972.89886	703.87415	517.5343	453.5382	971.20154	41.287502	746.3333	555.0	687999	404.19653	94.7952	549.9677	-217.70656	-407.34167	104.49921	109703.4179611206
345	679.64404	411.9892	972.75446	97.00702	970.381	1.217247	972.3625	968.5481	714.0	1000.0	689999	404.89328	95.70815	532.6587	-265.6151	-408.01947	107.0584	110045.34814500809
346	705.87885	374.22217	972.79065	176.65547	344.30466	200.69496	563.7037	47.899773	729.3333	159.3	691999	406.04504	95.80117	542.5879	-396.47275	-409.19492	110.20176	110341.24457740784
347	332.2189	366.68582	972.35767	26.357145	1034.9271	187.44891	1597.2637	970.58234	287.8	963.1	693999	409.28568	96.01692	550.6227	-368.48248	-412.5799	107.78524	110681.97207260132
348	1989.366	1053.24	3042.606	936.126	2865.5786	1343.2806	3587.3765	110.76377	1000.0	829.8	695999	412.44788	97.68142	586.2441	-229.61755	-415.66827	101.91954	111011.29732728004
349	2148.7534	1370.5497	3322.8203	226.13603	999.98944	677.7559	2265.0369	130.18575	702.3333	372.9	697999	415.42203	99.38816	606.1508	-198.34859	-418.6638	115.94306	111319.345662117
350	1508.7732	972.63165	2912.3984	515.8687	387.65405	42.030453	512.2416	366.28625	477.4	184.9	699999	421.26752	99.79185	609.88696	-225.7829	-425.04788	121.912094	111618.0300040245
351	495.0359	154.14928	794.74164	362.33325	373.1784	10.846679	400.19595	363.10483	213.4	160.3	701999	425.38724	101.82802	600.44073	-249.99991	-428.77396	124.28478	111915.32255363464
352	409.24188	67.3862	588.3009	334.60275	387.1985	22.221394	413.87808	341.54678	177.8	170.8	703999	423.36536	101.84937	585.6587	-305.0328	-426.2287	123.31901	112213.3472237587
353	333.325	249.26656	845.5423	32.25039	504.63834	232.62741	695.13873	64.151085	141.6875	198.8	705999	418.5386	101.669075	567.5634	-228.8685	-421.15976	116.79106	112510.29970955849
354	1069.1527	1034.4344	2530.957	288.9745	1394.5917	926.7277	3592.4272	654.98663	383.66666	432.9	707999	414.38153	98.95472	531.5819	-242.50496	-416.93637	107.76728	112821.78002142906
355	760.63965	989.13586	3175.1287	274.69086	1422.9497	1158.9644	3392.1482	306.69812	267.7143	441.0	709999	410.85443	97.58538	532.4184	-407.0005	-413.41943	102.91396	113134.56895208359
356	781.0222	1278.7483	3488.874	50.67711	2510.1514	1136.3861	3274.0952	335.9357	247.72728	785.4	711999	406.5212	96.77173	536.0526	-192.82787	-408.82892	97.91562	113458.7738544941
357	1719.4607	429.3855	2460.8254	1420.4532	1356.3323	1333.0427	3622.7058	315.697	523.25	407.2	713999	401.22076	96.47302	549.148	-278.97787	-403.54938	105.45372	113767.8722383976
358	2097.5598	954.71893	3420.4734	1202.3147	2703.1482	808.0786	3448.71	1529.033	624.0	777.4	715999	397.88052	94.42573	523.2715	-221.81067	-400.1753	99.75247	114094.7367811203
359	1965.1123	1411.8772	3401.9153	45.963566	2731.7087	842.6182	3489.5508	1226.8192	580.6667	797.0	717999	395.32712	94.658615	514.9619	-272.7482	-397.8647	96.75061	114421.88074088097
360	2828.6238	453.87146	3377.5488	2266.0469	37.850723	0.7823752	39.02493	36.252087	818.0	24.1	719999	394.7461	93.446014	512.11224	-417.25797	-397.21344	89.47847	114709.64203715324
361	1346.8984	18.465948	1360.755	1320.8003	1973.8406	624.6046	3447.7856	1168.7697	407.66666	578.2	721999	393.33063	93.44163	512.53076	-152.69063	-395.8102	96.09548	115029.75326371193
362	1848.2985	1346.4613	3418.172	43.315773	1938.4443	606.9989	3246.1084	1293.6227	546.8	560.5	723999	393.11884	91.87196	517.81384	-392.77042	-395.64426	97.713715	115343.55366659164
363	1750.8787	944.6858	3352.7644	1011.80786	3084.4832	692.15454	3368.0347	1010.0899	526.0	931.2	725999	391.2455	91.78707	516.0987	-187.13199	-393.6043	85.87912	115677.10684943199
364	2422.455	1083.0587	3505.514	1339.3965	2556.4631	940.2991	3439.034	1260.5232	700.5	751.1	727999	389.46707	91.026405	530.2022	-518.97375	-391.86142	92.121864	116001.02431964874
365	1205.7507	589.5524	2627.6204	790.719	801.7887	252.67993	1123.2472	491.13202	350.14285	254.3	729999	388.02795	90.681076	519.5494	-213.06793	-390.38037	92.114105	116302.79622888565
366	1183.3939	261.0686	1748.0604	951.3451	1001.7837	240.91438	1453.3174	693.42224	352.16666	313.7	731999	386.55948	90.709564	532.27136	-243.3556	-388.90094	97.06244	116608.20045733452
367	1035.8184	421.17178	1521.7604	276.30765	1025.0294	87.47107	1278.6722	955.6686	318.0	304.2	733999	385.8415	89.76557	519.68756	-239.33069	-388.24612	91.60113	116912.7952182293
368	1028.5356	284.40927	1631.1814	787.8189	1715.8748	745.087	2828.5261	557.7891	312.0	495.9	735999	386.41956	90.759445	532.14136	-295.84204	-389.1092	89.622765	117229.5168325901
369	1107.7305	550.04236	2270.813	507.47733	3216.4792	610.73065	3442.4536	1385.2734	332.33334	939.5	737999	388.4265	91.74256	529.1372	-231.77486	-391.02606	101.07538	117565.34480905533
370	1233.4064	206.63945	1514.7653	965.91034	1300.4412	198.96805	1658.0385	969.865	350.5	356.1	739999	388.90308	92.56506	522.2367	-242.1829	-391.38782	96.167984	117871.10047888756
371	1404.5553	301.38647	1721.1255	922.02136	2250.2402	947.57733	3406.9724	1121.7198	391.0	665.5	741999	387.64987	93.13026	528.0348	-172.45804	-389.9363	95.90112	118193.561886549
372	1741.4587	1138.1147	3358.8884	752.49677	993.0254	96.4288	1071.9495	763.9549	497.2	277.1	743999	386.3787	93.08104	525.0317	-227.53223	-388.69815	84.641716	118497.3992357254
373	994.50494	128.97746	1270.7628	850.30426	1320.6824	242.90036	1886.2988	1032.2087	289.42856	377.1	745999	385.4203	94.078896	523.90625	-214.5152	-387.82217	104.26975	118806.87012815475
374	986.0835	213.61597	1242.8663	627.4673	1332.117	701.3249	3282.5825	964.96295	290.2857	392.5	747999	385.60535	94.75617	517.92377	-205.41061	-388.1192	88.053246	119119.3292837143
375	834.19965	247.92061	1154.6201	323.83542	1010.1924	483.45953	2366.2551	739.7369	247.42857	286.9	749999	386.6998	95.21851	520.6626	-306.42194	-389.21	87.22053	119424.91611456871
376	1056.6509	383.46558	1485.0001	279.9315	225.62605	14.729736	263.73047	206.75267	314.14285	118.2	751999	386.4171	95.16158	530.6396	-168.78865	-388.8249	90.84333	119717.58002328873
377	1166.2003	411.46616	1770.2548	707.06177	1369.9675	1137.3173	3598.0002	164.70439	336.83334	406.1	753999	386.53748	95.793144	543.35065	-278.8223	-388.96286	85.67946	120025.46668601036
378	766.0534	1057.2449	3435.3523	170.62077	179.97226	5.7861814	188.19826	170.97113	264.0	105.5	755999	386.39737	95.79333	537.1096	-263.87167	-388.71503	95.4652	120319.317684412
379	179.14934	25.713188	226.22429	138.67508	201.73541	79.354866	439.21597	168.24294	98.95	108.1	757999	386.2392	95.09253	519.21313	-227.19121	-388.62766	94.804955	120614.47433662415
380	514.16785	284.50223	1012.7667	215.11943	1391.8529	517.0749	2415.2795	608.6766	197.1	434.1	759999	386.48123	94.52742	510.61267	-260.56912	-388.91232	89.14587	120924.14365363121
381	1075.3116	408.96857	1882.0763	642.25946	2055.463	971.3466	3462.1687	917.98773	317.16666	596.9	761999	385.629	94.20279	544.0389	-380.70413	-387.8749	83.07544	121244.45459866524
382	1343.6962	1081.2067	3408.586	429.1771	835.5798	166.88388	1035.4812	444.72076	401.2	252.7	763999	384.51004	94.510315	534.7188	-238.89243	-386.84262	96.9236	121549.068526268
383	994.13666	210.15144	1273.4631	730.2616	1956.0455	771.009	3273.0247	1200.9291	281.57144	561.1	765999	383.73947	94.438934	547.42224	-493.99457	-386.08713	105.51613	121864.77757430077
384	1190.5795	264.52954	1749.4056	926.7813	1646.6051	501.13193	2877.3447	1095.9318	340.33334	467.3	767999	383.16885	94.06908	510.07605	-333.70557	-385.5103	91.511986	122175.21474194527
385	846.09717	300.56546	1213.2004	405.17438	1327.3154	1091.7256	3492.0237	441.04172	254.5	391.3	769999	382.72684	94.00456	525.75635	-309.98334	-385.09055	86.40376	122486.60868310928
386	1264.0126	774.8578	2798.39	711.5235	1214.8574	1176.5674	3438.7874	306.54837	381.2	386.4	771999	383.16064	93.63937	515.3754	-421.90247	-385.5392	87.12075	122793.89141607285
387	1825.9764	1061.5176	3399.439	652.793	1070.9717	377.61392	1690.9304	449.99484	544.75	305.2	773999	382.86224	93.42322	529.021	-232.51312	-385.21527	90.66253	123101.85499668121
388	1989.6158	1040.7386	3461.122	1227.2634	1626.0619	791.2836	3485.025	943.77356	569.6667	466.2	775999	381.90182	93.45967	527.79034	-382.7984	-384.08972	82.09436	123417.88608551025
389	1225.0037	212.99199	1559.8275	988.3747	2213.9602	1065.1255	3645.8752	873.0726	344.25	612.8	777999	381.31937	92.875305	527.8875	-270.86252	-383.5628	84.420715	123739.26452231407
390	1998.706	1245.3462	3510.4197	354.05502	822.3749	67.52387	991.7969	752.033	576.0	250.3	779999	380.8723	93.318825	527.66595	-197.18669	-383.17715	85.13235	124042.36484003067
391	2057.0393	623.11475	2876.3896	1366.4608	940.59406	418.804	2040.3662	653.8284	568.3333	283.4	781999	380.6827	93.24026	525.9066	-248.9384	-382.98236	92.19461	124344.54726457596
392	1492.0072	575.1738	2486.9182	923.12494	2382.89	846.30493	3654.936	1394.1063	428.2	657.8	783999	379.85272	93.24787	518.5992	-308.20148	-382.02106	86.94045	124669.77631235123
393	1938.5112	549.57117	2873.7332	1524.7119	2519.8628	971.3769	3359.8591	877.4654	543.0	764.3	785999	379.3542	93.04818	530.8351	-211.34427	-381.63757	79.28611	124997.74702382088
394	1153.4246	184.79132	1408.1569	892.2452	2108.507	717.53564	3406.6104	1389.1578	327.4	605.1	787999	379.07117	92.29028	528.61316	-232.41441	-381.25714	88.2172	125322.43389296532
395	2131.4524	830.40717	3061.2593	1045.2933	1613.3616	800.8081	3687.2292	923.4154	595.3333	447.6	789999	378.59677	92.615944	531.76263	-192.66461	-380.88364	91.792564	125635.49712395668
396	1659.6771	506.77643	2437.4705	910.39734	1882.2317	980.6301	3577.0864	965.6271	473.8	531.1	791999	378.309	91.71687	516.81146	-396.16037	-380.49762	82.74119	125953.82087874413
397	1443.338	644.31934	2340.9893	794.2695	588.6813	562.4072	2225.0386	257.08252	420.2	205.8	793999	378.0046	91.56212	526.11786	-236.6481	-380.1758	77.48059	126254.2205107212
398	1020.77405	156.15836	1236.3118	778.95886	1443.9102	601.0347	3111.354	1048.2441	292.0	397.0	795999	377.31384	92.71373	502.10666	-406.21686	-379.5545	86.28875	126567.37490010262
399	1336.9629	566.2936	2264.014	823.33496	1941.6052	505.71667	3279.227	1398.306	371.2	532.1	797999	377.38052	92.05041	507.83554	-171.13766	-379.56845	79.854935	126885.33061909676
400	1458.3385	335.13107	1986.0957	1055.6168	1065.0488	587.1417	2020.1896	276.13684	404.75	314.3	799999	376.78464	92.07403	502.5226	-156.42906	-378.99057	91.53701	127188.90250849724
401	1843.9287	530.39056	2810.1582	1180.3885	1228.0598	846.15857	3359.6128	571.16235	515.6	346.8	801999	376.43732	92.616135	504.43823	-206.82304	-378.71005	85.343735	127500.15356945992
402	1035.1503	193.6722	1315.8425	775.9119	1333.4016	168.60167	1704.795	1166.6958	283.66666	353.0	803999	376.79495	93.05164	518.4868	-172.09895	-379.03787	78.61538	127811.21757292747
403	1011.8189	237.38454	1575.2825	819.267	1532.9381	746.4629	3641.3918	1103.1091	282.125	425.8	805999	377.56403	92.817345	512.43585	-232.66214	-379.84146	93.453674	128121.35905647278
404	1048.8601	82.23849	1167.0963	943.2852	1778.665	867.8339	3625.2974	1157.0723	290.0	504.5	807999	377.5689	93.074776	517.81274	-204.23885	-379.79144	73.16805	128436.6872370243
405	1518.5836	1054.7651	3374.7217	92.97616	997.42004	176.3282	1196.5942	807.8843	442.0	279.2	809999	377.75085	92.7283	512.27905	-248.56549	-379.93832	84.63131	128741.15620183945
406	1859.3706	929.03253	3169.2954	1116.5159	1676.4883	368.65594	2691.0354	1438.7079	528.3333	493.0	811999	377.4383	92.70143	507.95285	-271.655	-379.65262	88.26716	129057.85287451744
407	1718.6809	953.668	3457.362	958.2727	1921.388	938.9359	3542.375	1157.3566	475.4	535.7	813999	377.3365	91.75544	522.3348	-351.0838	-379.51608	82.73232	129379.10869979858
408	1452.1909	963.08264	3191.361	252.4514	1263.1179	123.65156	1467.4329	1107.7289	416.4	341.9	815999	376.3554	91.777954	512.3334	-263.16647	-378.53076	79.51946	129687.13318133354
409	959.7339	642.99426	2080.4983	105.441864	1452.1758	385.11774	1932.7839	779.21234	275.83334	397.4	817999	377.66736	91.15086	512.502	-336.6052	-380.02432	89.030785	129997.32484984398
410	936.25946	705.5619	2435.8318	41.631298	492.3155	549.7984	1207.8345	40.68993	271.44446	155.2	819999	378.51987	91.86202	518.1802	-138.48534	-380.89645	83.36245	130293.80172300339
411	225.33496	350.65378	1234.7239	33.972916	98.91097	1.5780443	101.340485	96.780365	91.82609	67.9	821999	381.26855	93.0021	525.99066	-358.05945	-384.00174	90.1615	130591.21758890152
412	477.15253	483.37878	1336.4829	89.091095	1786.7815	452.17804	2805.4111	1128.0751	180.4	552.9	823999	385.75305	92.464424	524.344	-295.96524	-388.5322	99.176216	130909.97213149071
413	1325.4585	1144.7046	3278.521	373.20178	1303.5449	845.9615	2957.362	333.1583	432.75	406.4	825999	388.85617	92.36587	517.285	-272.2425	-391.55222	90.50043	131219.7128446102
414	879.71356	700.92957	2518.057	223.37753	217.93579	2.6059453	221.99915	213.94463	270.44446	99.7	827999	390.03864	92.30011	534.07935	-279.8011	-392.48517	85.34491	131519.6612110138
415	795.5833	831.124	2465.6755	52.1225	668.6011	15.985151	691.0771	644.58936	255.14285	227.3	829999	389.10764	92.27881	518.8691	-474.98715	-391.38364	95.118195	131820.06870007515
416	686.64624	388.64816	1270.2639	259.61365	818.0759	896.0847	3203.222	299.15787	225.11111	269.0	831999	386.73273	91.805855	530.80945	-169.38635	-388.99655	95.94281	132128.81002354622
417	485.3981	570.1899	1681.4484	12.287725	990.30176	116.52138	1256.3593	899.3991	158.0	277.9	833999	385.39972	90.72226	533.51135	-255.07536	-387.71286	93.8609	132435.3906710148
418	966.2293	420.85355	1462.4991	315.90567	903.62146	708.107	2511.4424	304.18723	291.2857	292.3	835999	384.0166	90.039986	526.4508	-203.64584	-386.28668	84.94049	132738.82552719116
419	843.7338	483.38538	1494.046	61.60694	389.60785	37.23836	488.55405	354.17337	276.7143	217.0	837999	382.27484	90.756744	513.75385	-239.0466	-384.43207	92.48983	133041.36600780487
420	637.9631	372.87122	1347.056	244.84128	1188.3413	451.29013	1867.2451	392.21945	212.7	454.8	839999	380.29788	92.65441	522.8247	-358.57532	-382.61044	110.9169	133354.1170217991
421	1213.6179	500.7968	2165.592	777.0449	544.10144	80.59037	785.5979	510.342	374.6	176.6	841999	380.18143	93.463905	524.834	-383.2697	-382.54218	100.27788	133658.13845968246
422	962.34393	171.14322	1260.3275	765.1953	1029.8656	69.19219	1156.1912	908.4931	274.375	296.0	843999	381.68033	94.1632	527.4533	-306.93842	-384.132	87.77031	133966.12235188484
423	760.743	302.60876	1233.5042	46.112175	1478.2379	437.40024	2261.0706	816.4407	218.33333	406.9	845999	384.12967	94.303955	526.73596	-221.35973	-386.6784	101.106186	134276.05860090256
424	833.0067	499.15155	1524.6528	42.119568	1826.875	926.0369	3423.1938	770.437	242.75	540.0	847999	385.2357	94.57284	531.54407	-379.65433	-387.6387	88.54887	134596.9395866394
425	1321.5708	282.46268	1882.4479	1126.9613	1075.0145	408.5177	1826.4382	728.96185	387.2	342.7	849999	385.30215	94.12658	527.0211	-234.56293	-387.51605	92.673706	134904.05538630486
426	837.3838	361.0307	1500.1932	236.16357	336.14465	321.405	1300.225	220.8853	271.0	128.8	851999	384.92288	93.9485	527.17816	-216.41731	-387.3119	96.89233	135200.44968557358
427	1066.348	602.279	1899.5062	236.4465	2738.4321	861.24896	3205.9307	602.25366	318.75	858.9	853999	385.36865	93.91945	535.85516	-280.91843	-387.6465	88.74159	135536.3722500801
428	2201.8862	1087.7758	3390.085	1082.4219	3217.378	232.42299	3331.2566	2522.433	657.25	977.7	855999	384.1896	93.63503	556.08167	-501.66794	-386.42188	83.23997	135877.44041657448
429	3218.4736	151.55896	3370.0325	3066.9146	3041.5027	53.690666	3149.773	2935.5176	1000.0	1000.0	857999	384.46164	93.68851	556.313	-275.68616	-386.91855	94.49103	136220.15914225578
430	1738.0029	906.24536	3014.9575	1004.8623	2964.4543	33.44554	3028.8386	2918.9207	563.6667	1000.0	859999	384.79877	94.618034	572.9933	-262.46994	-387.14587	96.97358	136561.15069627762
431	2126.7393	730.8318	3138.5227	1438.1093	3164.653	465.09753	3483.774	1974.5626	649.6667	918.9	861999	384.94537	95.246635	557.47345	-310.67136	-387.26794	92.877335	136900.03195476532
432	2652.6985	1041.0824	3451.2737	1182.2026	2882.4604	660.1864	3304.4717	1167.0778	784.0	890.6	863999	384.62436	95.2693	553.8114	-228.0131	-386.82776	94.262	137232.66041707993
433	1475.7775	1102.9818	3385.296	784.06067	2385.023	746.7664	3696.06	1573.0059	432.25	672.0	865999	383.9503	95.12899	546.44055	-322.82993	-386.10995	88.14885	137559.41959238052
434	1817.9617	638.33984	2616.075	1168.6746	2370.539	1052.1272	3574.7815	765.9964	529.25	670.2	867999	383.90195	94.42058	516.5961	-356.9889	-386.10233	97.26588	137885.1760623455
435	2274.2517	974.16394	3528.0938	1152.9592	3244.577	542.4622	3640.2288	1753.8143	651.6667	931.2	869999	383.98523	94.72426	530.0066	-334.92123	-386.29456	96.69075	138224.08458709717
436	984.28986	245.93007	1332.3048	716.9875	1861.8971	1118.1454	3576.3325	764.00226	298.42856	535.8	871999	385.0373	95.17287	529.9408	-327.77713	-387.57837	101.74945	138541.87556147575
437	865.9086	107.05883	1074.5216	774.6743	3474.1785	17.249344	3508.859	3451.914	255.66667	1000.0	873999	387.84592	95.008385	512.068	-304.99774	-390.39117	100.423294	138882.60077524185
438	2287.6553	957.57184	3472.2458	1247.2699	3035.1484	48.37861	3108.114	2945.0757	649.25	1000.0	875999	388.97897	94.77063	510.83636	-183.17448	-391.34726	86.855034	139226.02099370956
439	1970.8829	1069.9	3040.783	900.9829	2839.8364	850.7397	3227.695	291.6049	645.0	914.3	877999	388.501	94.403656	518.79865	-163.59175	-390.7178	90.22452	139565.89693903923
440	2747.9246	634.90265	3311.0125	1860.6984	1607.4688	246.79031	2070.9712	1306.2864	865.3333	452.0	879999	387.1045	94.030205	536.1645	-237.65854	-389.34613	98.683784	139879.31789517403
441	1552.224	546.104	2235.3943	772.10846	2423.4485	856.0121	3117.6548	479.48148	498.0	820.4	881999	386.08463	92.75248	521.4093	-310.23853	-388.2251	82.7958	140211.3729352951
442	1635.6487	365.7437	2136.5872	1285.1212	1314.9567	432.27206	2353.2107	902.5783	501.75	402.6	883999	384.64572	91.53192	496.44092	-267.73215	-386.70074	88.09869	140524.90142440796
443	1809.7568	883.3774	3331.751	1222.7047	1560.1895	714.7597	3637.79	1141.2285	515.0	422.1	885999	382.57108	91.2179	514.4374	-248.55519	-384.69632	96.20803	140835.10875678062
444	1506.0465	420.69022	2193.2046	1043.3079	1394.3961	283.30157	1880.9606	1119.298	411.0	383.7	887999	382.13788	90.5756	499.42877	-279.55682	-384.28622	84.535	141146.4624285698
445	973.8215	195.84523	1339.9528	731.8824	1141.7405	120.81341	1426.6263	1059.5667	273.7143	321.7	889999	381.18564	90.119835	511.93036	-204.43439	-383.29846	85.369415	141456.1775970459
446	1170.6871	409.28622	1825.1024	747.5684	856.69934	60.83683	955.1047	773.1152	330.16666	244.8	891999	380.20288	89.57983	529.13477	-235.5483	-382.30518	88.36439	141763.0205461979
447	975.56854	460.59753	1656.013	15.674938	1463.6648	254.78217	2067.1296	1137.4264	271.375	399.9	893999	379.20248	89.52486	503.11053	-239.0958	-381.22147	92.372444	142071.90941357613
448	819.1122	71.87532	989.89154	745.7746	1021.8084	871.62726	2701.926	169.09389	238.625	334.9	895999	378.13675	89.556786	514.7262	-166.44899	-380.27032	90.55897	142383.2368104458
449	930.9483	199.26544	1280.3053	706.332	1039.0278	127.6382	1189.9734	689.5462	268.42856	313.5	897999	378.0381	89.88183	503.56332	-187.86844	-380.33032	77.47856	142689.68706178665
450	1029.8923	240.30551	1516.9249	649.3696	3434.4172	362.7727	3687.2856	2364.1882	300.57144	962.1	899999	379.28287	89.271095	502.5239	-155.65408	-381.4854	94.25939	143025.51551413536
451	943.3228	440.56717	1581.3707	8.7171545	1476.295	283.24008	2034.6342	1118.5356	266.57144	399.7	901999	379.19537	89.00121	507.89246	-259.6729	-381.4095	87.35002	143338.54582548141
452	1466.7451	280.12222	1855.1061	1064.9612	1424.6559	589.98224	3190.5188	1180.5717	422.25	386.0	903999	379.38947	88.42698	509.49442	-226.6086	-381.56982	77.41186	143650.35326457024
453	2090.218	1000.5756	3470.3958	998.29285	2335.856	420.8686	2843.1475	1615.1763	590.25	630.8	905999	378.93872	88.465805	497.8506	-337.3656	-381.10168	85.05086	143974.60920453072
454	1134.2607	184.97998	1462.8188	876.4834	1860.4207	686.72266	3465.3015	1125.622	319.66666	526.6	907999	377.6488	88.046814	486.20453	-264.16092	-379.68594	82.975655	144296.37049508095
455	1183.7198	1019.8816	3259.9585	17.574072	1284.7028	184.7772	1623.5973	1027.6895	327.66666	346.5	909999	376.06653	88.69519	498.6016	-278.5272	-378.11426	88.33072	144605.65719032288
456	737.48505	784.33887	2572.6436	16.14198	575.5288	793.7141	2428.25	12.925839	216.6	167.2	911999	375.92465	88.60798	502.07648	-254.78479	-378.16748	78.85237	144907.3320145607
457	1441.6127	327.4665	1673.3638	978.50507	14.755513	0.6742994	16.29336	13.301443	390.33334	15.0	913999	377.2142	89.05403	502.91232	-255.1189	-379.58707	89.44766	145201.81949424744
458	2385.438	860.9096	3543.0078	1117.0779	1194.8352	255.23602	1752.818	676.8908	679.25	325.9	915999	377.31433	88.86971	499.51562	-174.18959	-379.31143	79.65892	145512.5989460945
459	1191.2994	608.3135	2061.7961	29.597729	1037.0579	47.275055	1103.611	954.9194	334.5	284.4	917999	375.5764	90.13485	492.91623	-263.56226	-377.53864	77.97781	145823.01471495628
460	893.0133	411.10397	1576.451	47.538326	788.10394	101.28996	948.8694	682.1164	258.125	225.7	919999	374.78665	90.33212	500.83725	-220.28568	-376.85083	81.0187	146131.54329562187
461	540.5504	438.44135	1152.125	66.324455	917.3307	24.650103	961.5867	887.26514	163.15384	256.5	921999	374.81607	90.530396	510.1346	-232.6618	-376.87314	79.25262	146440.60849833488
462	794.577	470.98273	1604.9514	81.08799	813.6188	30.1421	852.20935	763.8812	228.25	239.7	923999	374.96243	90.97439	495.02017	-167.40317	-377.05078	76.70338	146745.69073867798
463	986.70325	111.15964	1208.8055	795.07745	269.4069	563.0918	1958.5106	60.5012	277.75	99.6	925999	374.2365	91.67377	492.64297	-286.82434	-376.2162	81.42805	147048.66489744186
464	399.00183	538.0834	1480.4789	62.533325	1155.3036	67.34267	1249.5321	1035.7579	130.6	322.0	927999	373.3419	92.04175	504.1697	-317.70285	-375.28998	80.86059	147357.42104005814
465	1345.7664	162.73294	1570.422	1164.9045	1493.3766	232.5269	1800.3694	1085.6979	373.0	420.9	929999	373.61816	91.63126	504.54672	-180.83865	-375.78394	89.20427	147673.5548632145
466	1620.492	1057.0516	3451.1665	989.0116	3511.7715	34.841312	3567.114	3467.0168	464.25	993.2	931999	373.3677	92.158455	499.77057	-190.22902	-375.45013	83.31216	148020.63240647316
467	2627.4656	418.71826	3046.1838	2208.7473	3537.2993	13.408185	3556.5503	3514.7944	759.0	1000.0	933999	373.4946	91.80264	494.40918	-308.36215	-375.54074	89.15683	148361.25365662575
468	3153.2595	383.84973	3443.4175	2610.8552	2613.1038	849.40155	3467.8232	1347.3456	909.6667	758.3	935999	373.21115	91.32466	528.00323	-293.02734	-375.22876	81.4857	148691.55341553688
469	1817.3733	1054.3556	3549.9436	811.79236	1089.0303	732.4041	3270.8083	804.35333	520.5	339.1	937999	373.04907	91.63152	504.6077	-187.64233	-375.12973	82.19236	149003.2626683712
470	1029.3568	916.40826	2528.175	263.8953	3333.6157	39.607418	3415.318	3285.892	315.25	1000.0	939999	373.91473	90.7821	524.68555	-223.37323	-376.03168	93.383865	149348.90508818626
471	1271.8434	908.78424	3376.599	305.73135	1248.5048	679.0235	3249.6326	959.0296	367.2857	349.7	941999	373.89474	91.15807	510.97623	-365.06436	-376.0092	88.22069	149658.1150355339
472	1525.6162	952.39557	3410.4597	841.6112	3271.626	24.821026	3300.7148	3222.937	433.4	1000.0	943999	374.40652	91.143555	509.47534	-244.14647	-376.46542	84.73666	150001.30229139328
473	993.465	184.58841	1352.853	777.6621	746.108	63.32878	919.0087	696.1447	277.2857	221.3	945999	374.30908	91.02722	501.65115	-295.27914	-376.39468	93.2588	150303.4755167961
474	816.136	82.47706	974.22375	712.1674	1151.6079	533.2125	2196.171	726.8487	234.625	330.1	947999	374.0761	90.348434	499.49774	-154.77998	-376.09793	86.600044	150612.74614143372
475	1043.9739	218.53574	1393.4653	664.2972	898.93604	86.15953	996.7892	777.5665	293.85715	251.5	949999	374.00232	89.870384	512.77295	-325.02448	-376.07758	79.62952	150919.30908989906
476	1541.5985	1042.9313	3594.9907	794.02783	1017.653	151.6666	1270.7719	791.3909	429.0	285.0	951999	373.80643	89.35591	526.46606	-192.12927	-375.933	84.14841	151224.9196741581
477	1202.0258	509.7853	1968.3157	624.96747	1442.473	615.09924	2634.9668	903.3743	337.8	414.1	953999	373.33783	88.41347	624.1478	-481.62137	-375.26987	90.19959	151538.98497366905
478	96.32383	347.75644	1617.0797	5.2246327	18.581999	17.353876	68.8123	10.226419	60.885715	51.9	955999	372.94568	88.30576	507.6847	-179.9742	-375.21408	84.94211	151836.2901687622
479	295.06616	515.00037	1434.6847	22.433199	40.965298	1.7619165	43.836506	38.315548	232.83333	79.4	957999	375.15213	87.433846	534.1027	-214.06757	-377.65112	82.41125	152134.93059778214
480	91.40639	89.387474	366.67892	37.718273	975.4971	0.6912172	976.21533	973.7481	168.3125	1000.0	959999	376.65625	88.04799	515.08374	-319.85266	-379.20914	94.40983	152478.54515719414
481	980.0021	1.339508	981.34155	978.66254	980.35364	0.34526247	981.01337	979.8439	1000.0	1000.0	961999	378.3758	88.73758	516.8302	-252.34213	-381.04895	92.8649	152825.3969089985
482	1953.7571	965.014	2918.771	988.74304	983.3366	1.4183125	986.4343	981.1512	901.5	1000.0	963999	380.844	89.395744	508.98694	-231.05627	-383.30856	86.61091	153175.16917538643
483	1096.2491	269.01743	1465.0712	831.0093	782.51355	202.85187	998.87384	484.7966	744.0	512.4	965999	380.36084	89.78567	510.76584	-309.23773	-382.61664	99.17592	153519.31156778336
484	991.88184	2.6003113	994.4821	989.2815	993.0145	0.57362145	994.04486	992.2642	1000.0	1000.0	967999	380.34332	89.577324	506.05786	-306.24582	-382.71527	84.819534	153903.8113951683
485	995.0167	0.9350281	995.9518	994.0817	992.87274	1.4241228	995.5335	991.05664	1000.0	1000.0	969999	381.49088	90.89639	508.87997	-214.5138	-383.99274	88.98719	154298.0748178959
486	878.34064	98.39047	999.1467	742.0528	1421.1018	187.90515	1705.2284	1098.1763	397.2	749.5	971999	383.1958	90.9449	536.2715	-212.24513	-385.5477	83.92739	154702.6929643154
487	1205.5171	205.23941	1410.7565	1000.27765	1236.6511	706.005	3351.3467	906.5107	1000.0	860.0	973999	382.09515	92.01424	536.63495	-350.08707	-384.23196	91.97947	155126.9248969555
488	1184.5393	291.90466	1661.2695	826.52563	440.7702	313.3614	864.95	12.437599	337.0	160.0	975999	380.19604	92.09404	517.4527	-226.98416	-382.2425	82.81485	155507.48309087753
489	1782.3435	1683.3137	3481.3062	97.900955	700.0175	392.88867	979.1969	98.91772	528.0	201.7	977999	378.8296	92.70941	519.8774	-261.29376	-380.9233	83.1415	155885.6410870552
490	1709.4429	872.62805	3058.1335	884.55676	1411.0938	632.37933	2899.5735	810.8122	485.0	390.7	979999	378.85556	92.36725	527.9295	-239.25314	-380.9988	77.377014	156275.0653860569
491	1125.2913	158.42337	1316.4703	853.86804	1296.6481	332.1661	1854.6349	977.58203	321.14285	381.3	981999	378.53424	92.27865	536.9901	-299.42273	-380.73343	81.68731	156671.75721788406
492	1030.0814	222.82497	1334.579	721.89233	1805.1146	369.92404	2296.2932	1436.5731	301.0	499.0	983999	379.18604	91.84902	519.7646	-224.35661	-381.45712	93.514175	157070.0357208252
493	1299.8542	173.41444	1626.6653	1118.8899	3366.4102	139.7358	3481.7966	3054.113	362.0	974.6	985999	380.95377	92.815125	559.19476	-299.11774	-383.34305	83.81469	157500.6064374447
494	3447.5747	62.951416	3510.5261	3384.6233	239.63411	4.2979884	248.66034	234.65627	990.5	105.2	987999	383.5874	93.50064	565.0218	-376.68912	-386.02255	88.60154	157878.96160387993
495	1567.2262	1010.19904	3316.1929	245.3897	773.467	548.9134	2049.7097	497.46423	482.0	250.9	989999	386.62216	95.20492	562.176	-415.76855	-389.13324	86.89855	158280.7046766281
496	1907.5936	955.9694	3229.0903	999.76	2478.838	830.49786	3275.3262	1028.3163	578.3333	749.1	991999	388.08987	96.19933	572.542	-210.93481	-390.47714	93.69475	158705.73497200012
497	970.37506	602.26733	2093.128	174.0416	1265.5579	1220.8947	3253.5017	179.78398	314.0	398.5	993999	388.8637	96.634476	565.16156	-225.28308	-391.18637	94.765625	159101.20696425438
498	1171.5774	857.21313	2589.077	482.33466	2430.2817	1047.6422	3237.3906	533.56616	374.5	754.4	995999	389.581	97.823135	578.507	-189.99208	-392.01562	90.22448	159508.96535348892
499	1666.5609	885.77423	3133.4607	453.17563	1082.1482	1113.121	3315.7466	384.91623	521.8	342.3	997999	390.45956	98.293724	564.571	-152.86545	-392.80624	91.05497	159889.48504185677
500	1757.0432	967.52466	3398.8323	960.0321	1940.385	619.1016	3511.3687	1363.2737	494.75	552.8	999999	390.02917	99.1557	568.7198	-198.69455	-392.2496	84.819374	160283.68648457527
501	1028.2152	382.1562	1588.4556	398.84827	1374.352	394.1914	2005.6703	961.9657	291.85715	391.8	1001999	390.3476	100.69087	565.9408	-166.63618	-392.7327	96.964714	160670.04141116142
502	2353.9802	533.1038	3086.2036	1832.3496	2174.227	905.5842	3655.4387	1118.025	650.0	605.4	1003999	391.9042	101.33783	562.727	-243.26878	-394.2839	89.64618	161065.8115479946
503	1622.6748	47.8033	1669.2498	1556.9514	3084.7673	33.084396	3155.3955	3044.4722	456.0	1000.0	1005999	392.88483	100.916245	551.9553	-355.54578	-395.11224	89.52226	161486.98893404007
504	2716.6787	1040.5596	3466.2007	1245.1913	3215.8943	675.1304	3535.9614	1199.3684	778.6667	933.4	1007999	393.09192	101.1417	567.0624	-253.30731	-395.22424	93.86238	161898.58284258842
505	1888.4061	998.9367	3464.7107	978.6814	2124.0974	1125.2435	3512.8638	821.0974	551.25	614.1	1009999	392.52237	100.20043	549.44867	-339.49838	-394.5697	98.88779	162281.55428814888
506	1670.5723	538.06116	2335.3582	1018.0315	1570.9207	1056.3446	3343.9778	339.305	487.0	466.0	1011999	392.45468	99.860886	558.0559	-193.00162	-394.43964	89.34575	162651.80005550385
507	1854.4707	986.53973	3413.092	861.8784	2738.2036	996.06433	3751.6396	1509.9133	544.5	736.0	1013999	391.29324	99.85601	536.0614	-156.04901	-393.22638	83.54356	163032.96777915955
508	2563.6968	985.58276	3549.2795	1578.114	3259.132	653.94574	3656.0583	1345.519	712.0	921.6	1015999	390.78152	98.94349	537.0526	-260.89288	-392.7814	86.65635	163401.97564816475
509	2826.9421	780.18835	3409.4243	1724.1733	3074.562	648.20416	3498.7383	1715.1459	805.3333	883.5	1017999	390.7322	97.80143	536.7224	-327.59894	-392.7316	89.54516	163766.58942604065
510	2499.2065	922.0792	3421.286	1577.1274	3402.0046	447.25516	3588.2546	2061.7607	723.0	957.1	1019999	390.4499	96.95779	523.3693	-341.62466	-392.3944	83.97663	164133.7468202114
511	2969.211	391.4145	3496.524	2559.7334	2718.9976	1047.9426	3646.3115	1348.9865	838.0	758.1	1021999	390.0938	96.5518	539.4228	-270.28195	-392.04977	86.01185	164491.77391719818
512	2210.0042	904.5138	3489.176	1567.703	3508.7063	145.25581	3576.395	3074.271	618.3333	983.9	1023999	390.06943	96.285355	517.1531	-282.5273	-391.97742	82.59797	164858.9411292076
513	2872.583	4.289795	2876.8728	2868.2932	3068.7288	959.6186	3571.1047	1067.6227	813.5	864.2	1025999	389.4887	95.3392	527.28186	-168.17714	-391.30838	85.24717	165219.93613100052
514	1357.7224	904.33795	3504.986	775.4167	2848.9585	1065.43	3568.278	1091.2438	382.2857	802.5	1027999	388.2544	95.19974	517.5258	-258.2957	-390.14163	85.86005	165568.38967895508
515	2127.2803	1333.3547	3460.635	793.9254	2859.3901	1004.90094	3645.148	1070.5933	616.0	787.2	1029999	387.14212	95.20778	520.704	-344.34793	-388.9658	81.6926	165930.49511313438
516	3582.1826	2.650879	3584.8335	3579.5317	3588.4688	19.2183	3621.538	3564.9382	1000.0	1000.0	1031999	387.1476	93.51198	532.9635	-251.3544	-389.00363	70.71712	166301.22730875015
517	1249.8103	1506.306	3565.4724	71.400444	3595.5925	150.10027	3661.7317	3147.1045	373.0	984.4	1033999	386.87335	92.31556	523.6127	-199.66148	-388.6335	79.58976	166676.46340584755
518	3095.7764	420.41687	3516.1934	2675.3596	1697.3933	1510.3759	3829.2957	57.536667	862.0	464.7	1035999	386.182	91.58504	511.7067	-284.5733	-388.02777	87.648705	167018.02823376656
519	2084.9995	983.7744	3590.328	1114.8478	1415.5941	393.79865	2529.7869	1149.8665	577.75	383.3	1037999	386.23233	91.00384	517.372	-283.06296	-388.16083	79.12156	167359.3995680809
520	1553.0723	891.86676	2979.8643	520.325	2325.2576	1062.1039	3548.8362	1145.8248	453.25	669.4	1039999	387.70612	91.36328	507.34937	-217.08565	-390.03043	85.03194	167718.40129613876
521	3476.4795	64.62573	3541.1052	3411.8538	1217.5813	572.3571	2934.6497	1024.792	1000.0	1000.0	1041999	396.8762	93.31317	575.7585	-247.34073	-400.50916	95.75592	168099.390294075
522	1936.2186	849.35547	3405.153	1383.6666	1928.3392	852.60846	3124.3394	663.57684	590.0	661.6	1043999	409.0807	99.4865	611.58734	-297.7797	-412.36774	96.39249	168461.8005475998
523	1541.8315	9.302734	1551.1343	1532.5288	1004.48474	0.68143785	1005.4228	1003.18506	586.0	1000.0	1045999	411.23373	101.23983	618.18176	-193.51332	-413.80203	108.41077	168838.10277342796
524	990.51764	6.576233	997.0939	983.9414	956.4105	18.44694	985.79956	926.4433	1000.0	1000.0	1047999	410.70093	100.66277	611.70886	-190.10117	-413.1877	107.90031	169219.28633618355
525	902.742	3.40625	906.14825	899.33575	950.4503	24.580336	984.1512	909.68933	1000.0	1000.0	1049999	411.00784	99.21787	597.47327	-257.82553	-413.65445	99.92802	169598.9375782013
526	971.6487	12.567413	984.2161	959.0813	807.03796	369.7631	992.63916	60.667824	1000.0	820.2	1051999	412.32236	100.81596	609.27216	-168.32986	-415.02628	101.6125	169966.58953285217
527	863.27466	109.32721	972.60187	753.94745	238.29016	371.33835	981.1952	37.073784	944.5	274.3	1053999	414.29788	102.26982	615.25	-214.60614	-417.14175	96.2672	170306.20563960075
528	671.75604	430.64365	985.30273	62.8242	139.43936	270.71628	951.18726	33.08752	701.0	183.8	1055999	417.8356	103.85089	613.10095	-227.26381	-420.81155	97.074234	170637.87160396576
529	675.2601	426.52872	979.81854	72.06708	966.5117	0.7820037	967.6288	964.9325	705.0	1000.0	1057999	420.90836	105.385765	603.84503	-235.9218	-423.97775	97.959236	171017.35927081108
530	974.04285	1.5615845	975.60443	972.48126	981.7482	1.3067654	984.34814	979.82654	1000.0	1000.0	1059999	423.49457	106.03008	605.7489	-268.29547	-426.32062	103.32255	171394.4083738327
531	979.104	6.6192017	985.7232	972.4848	980.28204	0.55184287	980.88153	979.16956	1000.0	1000.0	1061999	423.1602	104.702644	615.0593	-244.99728	-425.78757	100.745895	171773.05330848694
532	967.3027	3.7728271	971.0755	963.52985	953.6454	0.41496032	954.188	952.9103	1000.0	1000.0	1063999	421.07367	104.45252	655.0295	-199.38536	-423.57974	97.63786	172146.5156481266
533	962.9763	2.4234924	965.39984	960.55286	977.6908	0.47853744	978.46924	977.04034	1000.0	1000.0	1065999	419.24405	101.98545	637.3237	-413.83487	-421.60812	95.6619	172529.17993211746
534	969.53064	3.9357605	973.4664	965.59485	963.7189	0.7355252	964.8831	962.2806	1000.0	1000.0	1067999	415.7344	99.7817	601.13275	-198.81671	-417.94165	97.41169	172906.72814369202
535	978.85864	3.1280212	981.9867	975.73065	968.58466	0.56119776	969.3445	967.351	1000.0	1000.0	1069999	413.0927	97.7992	577.7908	-272.32855	-415.3156	87.35735	173257.95293331146
536	984.66833	6.7391357	991.4075	977.9292	983.8202	1.6809384	986.0791	980.0855	1000.0	1000.0	1071999	410.51535	96.94834	563.6168	-267.58896	-412.72812	93.923515	173610.5837881565
537	992.92926	5.6049805	998.53424	987.3243	985.1156	0.79874074	985.99915	983.3808	1000.0	1000.0	1073999	409.17792	94.92175	530.57477	-289.14328	-411.31735	77.8518	173988.63186073303
538	996.2235	2.041626	998.26514	994.1819	975.40576	15.492829	992.54675	945.42914	1000.0	1000.0	1075999	407.286	94.14792	545.8701	-269.80405	-409.35507	88.45345	174364.24905252457
539	1002.03296	3.089325	1005.12225	998.9436	1000.516	2.1579134	1004.2255	995.9958	1000.0	1000.0	1077999	406.26505	92.08549	529.65186	-247.48851	-408.37088	79.008644	174741.7996354103
540	233.26132	368.01227	1005.403	10.352063	12.987345	1.737823	18.16613	12.146009	247.54546	33.3	1079999	406.1514	93.56168	529.7404	-261.1198	-408.33157	86.99219	175067.5913901329
541	368.9331	388.85483	991.07544	56.830944	92.90886	54.14986	231.58621	44.253326	399.2	134.2	1081999	406.4195	96.43491	546.3486	-299.14096	-408.63272	86.28753	175399.62402796745
542	574.3387	479.23645	1362.4138	95.16696	713.14075	273.02634	1199.8549	444.69467	239.66667	229.2	1083999	407.50485	99.22452	553.7745	-390.88968	-409.6595	89.34091	175734.67085385323
543	885.1856	569.9593	2255.879	219.8628	1690.0276	56.02588	1758.8553	1608.8865	265.8889	463.6	1085999	409.10156	100.942375	554.62006	-280.294	-411.2417	85.768875	176082.51111841202
544	1438.2102	872.1304	3179.5168	939.07263	1470.9565	473.73465	2571.4736	817.74097	418.0	424.9	1087999	409.48248	101.41759	549.93134	-324.58755	-411.5972	93.623856	176432.30589652061
545	937.44916	219.66731	1304.1749	613.6623	1296.3209	98.48831	1479.382	1120.2861	276.57144	360.7	1089999	409.5102	101.80077	545.9488	-270.56476	-411.5782	82.91272	176781.56137013435
